% Model:              ring_decel_osterwalder.mph
% Version:            COMSOL 5.4.0.225
% Date:               Mar 20 2019, 06:42
% Dimension:          2
% Nodes:              1281
% Expressions:        1
% Description:        Electric field norm
% Length unit:        mm
% r                       z                        es.normE (V/m) @ ph=0.2618
0                         -3.5                     2992534.4479678366
0.1                       -3.5                     2996221.198421348
0.2                       -3.5                     3001608.3930755425
0.30000000000000004       -3.5                     3012786.39784304
0.4                       -3.5                     3029078.4638612256
0.5                       -3.5                     3048002.268284339
0.6000000000000001        -3.5                     3074356.155754
0.7000000000000001        -3.5                     3105386.047861273
0.8                       -3.5                     3146422.890318721
0.9000000000000001        -3.5                     3185144.29410018
1                         -3.5                     3235696.731205771
1.1                       -3.5                     3292847.12724723
1.2000000000000002        -3.5                     3371897.713740964
1.3000000000000003        -3.5                     3454482.4451268823
1.4000000000000001        -3.5                     3559071.129213782
1.5                       -3.5                     3693388.133471829
1.6                       -3.5                     3856250.933305446
1.7000000000000002        -3.5                     4091673.060804613
1.8000000000000003        -3.5                     4401309.93703571
1.9000000000000001        -3.5                     4790065.624013786
2                         -3.5                     5274958.849108005
0                         -3.4                     2988854.6114661414
0.1                       -3.4                     2987391.571829254
0.2                       -3.4                     2993869.696632361
0.30000000000000004       -3.4                     3003733.2101419857
0.4                       -3.4                     3019074.6454546577
0.5                       -3.4                     3037707.5057140263
0.6000000000000001        -3.4                     3061325.40293546
0.7000000000000001        -3.4                     3089830.753379212
0.8                       -3.4                     3121876.185199169
0.9000000000000001        -3.4                     3161092.6303144814
1                         -3.4                     3206289.4709459287
1.1                       -3.4                     3256586.9009470236
1.2000000000000002        -3.4                     3312271.020943287
1.3000000000000003        -3.4                     3386075.035216026
1.4000000000000001        -3.4                     3469515.588023337
1.5                       -3.4                     3572655.8481058353
1.6                       -3.4                     3705466.4612049977
1.7000000000000002        -3.4                     3905960.6705077947
1.8000000000000003        -3.4                     4200227.648430144
1.9000000000000001        -3.4                     4609143.454740502
2                         -3.4                     5282129.697246282
0                         -3.3                     2968414.2999267005
0.1                       -3.3                     2971735.979022448
0.2                       -3.3                     2976615.072767372
0.30000000000000004       -3.3                     2986605.0385472537
0.4                       -3.3                     3001005.2462963187
0.5                       -3.3                     3017730.2834034
0.6000000000000001        -3.3                     3040044.8495002524
0.7000000000000001        -3.3                     3065735.5156286303
0.8                       -3.3                     3098373.413539383
0.9000000000000001        -3.3                     3128446.8041144614
1                         -3.3                     3164542.3140427168
1.1                       -3.3                     3205349.064032855
1.2000000000000002        -3.3                     3255437.6458402183
1.3000000000000003        -3.3                     3297646.7442638767
1.4000000000000001        -3.3                     3354853.195986314
1.5                       -3.3                     3416098.2541960115
1.6                       -3.3                     3506401.925284913
1.7000000000000002        -3.3                     3635130.965257496
1.8000000000000003        -3.3                     3871045.63013281
1.9000000000000001        -3.3                     4319172.779572435
2                         -3.3                     5132307.095187447
0                         -3.2                     2943090.470530299
0.1                       -3.2                     2946881.2169017987
0.2                       -3.2                     2952667.8205307405
0.30000000000000004       -3.2                     2961473.6096303845
0.4                       -3.2                     2974911.7389474898
0.5                       -3.2                     2990969.323278098
0.6000000000000001        -3.2                     3010951.74112438
0.7000000000000001        -3.2                     3034199.2029610854
0.8                       -3.2                     3059217.5181430485
0.9000000000000001        -3.2                     3087846.8138149967
1                         -3.2                     3119445.7748580207
1.1                       -3.2                     3148409.6674474003
1.2000000000000002        -3.2                     3176462.216986279
1.3000000000000003        -3.2                     3209104.370522211
1.4000000000000001        -3.2                     3227067.965443763
1.5                       -3.2                     3255254.4924923144
1.6                       -3.2                     3270631.220360338
1.7000000000000002        -3.2                     3306896.550113731
1.8000000000000003        -3.2                     3393028.887075771
1.9000000000000001        -3.2                     3680663.3731427426
2                         -3.2                     4588876.059143501
0                         -3.1000000000000005      2913007.7713730442
0.1                       -3.1000000000000005      2915995.7177028893
0.2                       -3.1000000000000005      2920440.733074226
0.30000000000000004       -3.1000000000000005      2929388.4680314343
0.4                       -3.1000000000000005      2942116.2864786824
0.5                       -3.1000000000000005      2956880.7711828416
0.6000000000000001        -3.1000000000000005      2975616.2954140743
0.7000000000000001        -3.1000000000000005      2996590.087567577
0.8                       -3.1000000000000005      3021355.269192224
0.9000000000000001        -3.1000000000000005      3043462.9725831393
1                         -3.1000000000000005      3066889.471667027
1.1                       -3.1000000000000005      3088864.7080852236
1.2000000000000002        -3.1000000000000005      3108137.2810103376
1.3000000000000003        -3.1000000000000005      3115615.4397240067
1.4000000000000001        -3.1000000000000005      3114521.8104327978
1.5                       -3.1000000000000005      3107619.8780695233
1.6                       -3.1000000000000005      3041269.4529937967
1.7000000000000002        -3.1000000000000005      2942258.95310033
1.8000000000000003        -3.1000000000000005      2832936.520354618
1.9000000000000001        -3.1000000000000005      2758954.6839621672
2                         -3.1000000000000005      3263906.698419601
0                         -3                       2877943.7260726686
0.1                       -3                       2876955.834853655
0.2                       -3                       2882305.667393473
0.30000000000000004       -3                       2890453.23359653
0.4                       -3                       2902675.8731575273
0.5                       -3                       2917108.6601524097
0.6000000000000001        -3                       2934755.110507699
0.7000000000000001        -3                       2954452.9722113954
0.8                       -3                       2974981.153932737
0.9000000000000001        -3                       2996761.986867374
1                         -3                       3017364.046976955
1.1                       -3                       3033863.9185513062
1.2000000000000002        -3                       3043884.8959267377
1.3000000000000003        -3                       3042667.149247527
1.4000000000000001        -3                       3020681.3536065705
1.5                       -3                       2962868.5928985677
1.6                       -3                       2875850.6147765946
1.7000000000000002        -3                       2683667.6531282547
1.8000000000000003        -3                       2360487.5753287165
1.9000000000000001        -3                       1764183.5610308705
2                         -3                       2.9802322387695312E-8
0                         -2.9                     2829620.637836279
0.1                       -2.9                     2832469.13930579
0.2                       -2.9                     2836782.378668021
0.30000000000000004       -2.9                     2845378.894675043
0.4                       -2.9                     2857506.175048368
0.5                       -2.9                     2871555.643721276
0.6000000000000001        -2.9                     2889018.804351828
0.7000000000000001        -2.9                     2908258.2237203796
0.8                       -2.9                     2929268.3421390643
0.9000000000000001        -2.9                     2948977.4068446397
1                         -2.9                     2967669.712763007
1.1                       -2.9                     2980981.5068946937
1.2000000000000002        -2.9                     2989691.154799294
1.3000000000000003        -2.9                     2984154.381881393
1.4000000000000001        -2.9                     2952960.270178989
1.5                       -2.9                     2897226.4635585407
1.6                       -2.9                     2788824.798074509
1.7000000000000002        -2.9                     2595689.5189122823
1.8000000000000003        -2.9                     2242688.7035072963
1.9000000000000001        -2.9                     1652514.6408685683
2                         -2.9                     979010.5533523614
0                         -2.8                     2776910.222215393
0.1                       -2.8                     2780364.338602782
0.2                       -2.8                     2785759.2703330102
0.30000000000000004       -2.8                     2794003.532941904
0.4                       -2.8                     2806328.0380222094
0.5                       -2.8                     2820923.520696301
0.6000000000000001        -2.8                     2838735.8607856776
0.7000000000000001        -2.8                     2858581.599882551
0.8                       -2.8                     2879491.2602695497
0.9000000000000001        -2.8                     2901524.5920491475
1                         -2.8                     2921856.75868153
1.1                       -2.8                     2939375.6794308433
1.2000000000000002        -2.8                     2949643.9775235984
1.3000000000000003        -2.8                     2950506.1889882223
1.4000000000000001        -2.8                     2929220.6955970447
1.5                       -2.8                     2885126.860317699
1.6                       -2.8                     2800299.1865303307
1.7000000000000002        -2.8                     2679961.73531122
1.8000000000000003        -2.8                     2463062.8207904063
1.9000000000000001        -2.8                     2311469.2526908536
2                         -2.8                     2488406.495926846
0                         -2.7                     2719990.331959325
0.1                       -2.7                     2722951.0035672113
0.2                       -2.7                     2727523.267686337
0.30000000000000004       -2.7                     2736662.781968437
0.4                       -2.7                     2749575.8771366104
0.5                       -2.7                     2764568.4886898873
0.6000000000000001        -2.7                     2783749.7367748297
0.7000000000000001        -2.7                     2805117.849398902
0.8                       -2.7                     2829451.083119676
0.9000000000000001        -2.7                     2852669.3242173786
1                         -2.7                     2877222.976724745
1.1                       -2.7                     2899005.3436195087
1.2000000000000002        -2.7                     2919083.9944147165
1.3000000000000003        -2.7                     2927264.7944597197
1.4000000000000001        -2.7                     2932511.4366011187
1.5                       -2.7                     2917726.8192062313
1.6                       -2.7                     2895349.967272007
1.7000000000000002        -2.7                     2830536.623645007
1.8000000000000003        -2.7                     2796467.3689523754
1.9000000000000001        -2.7                     2875064.3282701084
2                         -2.7                     3228513.1855465313
0                         -2.6000000000000005      2658751.6517528025
0.1                       -2.6000000000000005      2657795.048200749
0.2                       -2.6000000000000005      2663704.3865528814
0.30000000000000004       -2.6000000000000005      2672790.215388645
0.4                       -2.6000000000000005      2686501.5127545972
0.5                       -2.6000000000000005      2703004.8499664194
0.6000000000000001        -2.6000000000000005      2723456.9553797897
0.7000000000000001        -2.6000000000000005      2747035.7134333407
0.8                       -2.6000000000000005      2772973.098218671
0.9000000000000001        -2.6000000000000005      2802242.6184730986
1                         -2.6000000000000005      2831483.6647805916
1.1                       -2.6000000000000005      2863424.304037908
1.2000000000000002        -2.6000000000000005      2892610.23882462
1.3000000000000003        -2.6000000000000005      2922977.2994784215
1.4000000000000001        -2.6000000000000005      2953446.1777800643
1.5                       -2.6000000000000005      2974723.740902475
1.6                       -2.6000000000000005      2985053.692210403
1.7000000000000002        -2.6000000000000005      3016196.6434268886
1.8000000000000003        -2.6000000000000005      3090824.7800103743
1.9000000000000001        -2.6000000000000005      3252748.9881292423
2                         -2.6000000000000005      3562607.1273874072
0                         -2.5                     2583809.5601680335
0.1                       -2.5                     2587058.330861205
0.2                       -2.5                     2592184.7257292685
0.30000000000000004       -2.5                     2602528.47151882
0.4                       -2.5                     2617247.8827091414
0.5                       -2.5                     2634379.9886540477
0.6000000000000001        -2.5                     2657478.056226595
0.7000000000000001        -2.5                     2683793.873874527
0.8                       -2.5                     2712465.373146052
0.9000000000000001        -2.5                     2747434.57792629
1                         -2.5                     2785109.8615785264
1.1                       -2.5                     2825619.4112530523
1.2000000000000002        -2.5                     2873462.513824369
1.3000000000000003        -2.5                     2914716.8002811316
1.4000000000000001        -2.5                     2968940.2787913424
1.5                       -2.5                     3015865.9991689674
1.6                       -2.5                     3090984.3090529786
1.7000000000000002        -2.5                     3183081.769636947
1.8000000000000003        -2.5                     3309317.9319403726
1.9000000000000001        -2.5                     3496961.823226996
2                         -2.5                     3752033.711342465
0                         -2.4                     2503940.9803757723
0.1                       -2.4                     2508036.9705332923
0.2                       -2.4                     2514693.5250616996
0.30000000000000004       -2.4                     2525009.01940473
0.4                       -2.4                     2540732.278813363
0.5                       -2.4                     2559997.715769088
0.6000000000000001        -2.4                     2584368.7647951953
0.7000000000000001        -2.4                     2613337.5550986324
0.8                       -2.4                     2646677.568860786
0.9000000000000001        -2.4                     2686418.508966681
1                         -2.4                     2728800.743724406
1.1                       -2.4                     2781375.1834403835
1.2000000000000002        -2.4                     2839975.857421082
1.3000000000000003        -2.4                     2904884.0737727527
1.4000000000000001        -2.4                     2975360.6292395797
1.5                       -2.4                     3072078.6568657574
1.6                       -2.4                     3184721.8320317264
1.7000000000000002        -2.4                     3308104.383261587
1.8000000000000003        -2.4                     3477712.719036551
1.9000000000000001        -2.4                     3683915.211608083
2                         -2.4                     3910292.1841553734
0                         -2.3                     2419489.48532788
0.1                       -2.3                     2423036.7799165337
0.2                       -2.3                     2428797.2231860617
0.30000000000000004       -2.3                     2440470.8918118128
0.4                       -2.3                     2457189.6416487293
0.5                       -2.3                     2476712.2361899097
0.6000000000000001        -2.3                     2504116.6189195444
0.7000000000000001        -2.3                     2535869.984956727
0.8                       -2.3                     2571118.0668251053
0.9000000000000001        -2.3                     2617118.296062424
1                         -2.3                     2668181.3870864804
1.1                       -2.3                     2725449.803606106
1.2000000000000002        -2.3                     2797686.970941043
1.3000000000000003        -2.3                     2878001.986787383
1.4000000000000001        -2.3                     2976130.6740904665
1.5                       -2.3                     3091972.195967052
1.6                       -2.3                     3231691.7796288943
1.7000000000000002        -2.3                     3401284.060525415
1.8000000000000003        -2.3                     3604873.9240629976
1.9000000000000001        -2.3                     3835907.7274141824
2                         -2.3                     4086908.192197084
0                         -2.2                     2324935.6164923343
0.1                       -2.2                     2329300.2159989257
0.2                       -2.2                     2336610.437384745
0.30000000000000004       -2.2                     2348041.2672006222
0.4                       -2.2                     2365508.3841838706
0.5                       -2.2                     2387178.8139316933
0.6000000000000001        -2.2                     2415048.3893098473
0.7000000000000001        -2.2                     2448663.10707359
0.8                       -2.2                     2488406.9404420964
0.9000000000000001        -2.2                     2537111.5593709648
1                         -2.2                     2591793.076809447
1.1                       -2.2                     2660633.8969227374
1.2000000000000002        -2.2                     2740497.3375575794
1.3000000000000003        -2.2                     2840950.0465421523
1.4000000000000001        -2.2                     2953781.3008546038
1.5                       -2.2                     3090513.412195521
1.6                       -2.2                     3267896.7450225833
1.7000000000000002        -2.2                     3468783.58799893
1.8000000000000003        -2.2                     3714860.372050009
1.9000000000000001        -2.2                     3991438.824049095
2                         -2.2                     4285725.709120221
0                         -2.1                     2225750.34530185
0.1                       -2.1                     2229441.009026236
0.2                       -2.1                     2235705.317094576
0.30000000000000004       -2.1                     2248288.0366847813
0.4                       -2.1                     2266364.620077447
0.5                       -2.1                     2287608.175578985
0.6000000000000001        -2.1                     2317846.953495679
0.7000000000000001        -2.1                     2353243.5814043474
0.8                       -2.1                     2393218.5792043647
0.9000000000000001        -2.1                     2446234.2819161233
1                         -2.1                     2506454.1265636394
1.1                       -2.1                     2575762.133834385
1.2000000000000002        -2.1                     2665197.9780697594
1.3000000000000003        -2.1                     2768538.0384799098
1.4000000000000001        -2.1                     2895008.372037076
1.5                       -2.1                     3068593.025904248
1.6                       -2.1                     3253021.6546655702
1.7000000000000002        -2.1                     3502539.305150311
1.8000000000000003        -2.1                     3792900.387793872
1.9000000000000001        -2.1                     4141709.031685374
2                         -2.1                     4531277.943126845
0                         -2                       2116635.371125055
0.1                       -2                       2120989.522120734
0.2                       -2                       2128620.064690511
0.30000000000000004       -2                       2140676.6542529305
0.4                       -2                       2158968.1074276855
0.5                       -2                       2181791.944666718
0.6000000000000001        -2                       2211429.697870674
0.7000000000000001        -2                       2247131.571887236
0.8                       -2                       2289786.972804741
0.9000000000000001        -2                       2342922.9410369815
1                         -2                       2402410.981931301
1.1                       -2                       2479178.9759561047
1.2000000000000002        -2                       2571976.4027898307
1.3000000000000003        -2                       2683478.684846093
1.4000000000000001        -2                       2826155.657576559
1.5                       -2                       2991372.042042468
1.6                       -2                       3205467.49147171
1.7000000000000002        -2                       3474696.679473406
1.8000000000000003        -2                       3836222.700185647
1.9000000000000001        -2                       4268609.6755094305
2                         -2                       4794340.211163037
0                         -1.9                     2003204.1189042
0.1                       -1.9                     2006805.4216819713
0.2                       -1.9                     2013349.7128098987
0.30000000000000004       -1.9                     2026158.8416020533
0.4                       -1.9                     2044542.5130877763
0.5                       -1.9                     2066433.433915464
0.6000000000000001        -1.9                     2097065.1916591662
0.7000000000000001        -1.9                     2133122.840209808
0.8                       -1.9                     2174496.500783661
0.9000000000000001        -1.9                     2227855.901207761
1                         -1.9                     2289708.986452918
1.1                       -1.9                     2370150.5784780593
1.2000000000000002        -1.9                     2453110.7271320405
1.3000000000000003        -1.9                     2564212.016659396
1.4000000000000001        -1.9                     2702874.04527529
1.5                       -1.9                     2879305.693690469
1.6                       -1.9                     3103657.350375293
1.7000000000000002        -1.9                     3419852.9994603996
1.8000000000000003        -1.9                     3807448.2167715984
1.9000000000000001        -1.9                     4346638.174562374
2                         -1.9                     5056522.758524332
0                         -1.8                     1880964.589919664
0.1                       -1.8                     1885011.0861700063
0.2                       -1.8                     1892608.1292711643
0.30000000000000004       -1.8                     1904758.1882215582
0.4                       -1.8                     1922876.3209134014
0.5                       -1.8                     1945480.408290253
0.6000000000000001        -1.8                     1974837.927979039
0.7000000000000001        -1.8                     2009772.4180657263
0.8                       -1.8                     2051207.1621123173
0.9000000000000001        -1.8                     2102868.161969213
1                         -1.8                     2164730.0139995595
1.1                       -1.8                     2233673.879145294
1.2000000000000002        -1.8                     2321460.4252302493
1.3000000000000003        -1.8                     2426351.704973235
1.4000000000000001        -1.8                     2557325.531272711
1.5                       -1.8                     2727319.5694145835
1.6                       -1.8                     2953100.5210993746
1.7000000000000002        -1.8                     3246592.3808088494
1.8000000000000003        -1.8                     3699535.2815234154
1.9000000000000001        -1.8                     4327891.098803789
2                         -1.8                     5280338.030167009
0                         -1.7                     1755109.86514073
0.1                       -1.7                     1758445.1992575407
0.2                       -1.7                     1765128.4215245652
0.30000000000000004       -1.7                     1777666.4784801833
0.4                       -1.7                     1795550.7001897432
0.5                       -1.7                     1817295.9725397532
0.6000000000000001        -1.7                     1846248.2249012776
0.7000000000000001        -1.7                     1880380.2351309983
0.8                       -1.7                     1920068.464554563
0.9000000000000001        -1.7                     1968011.7948334073
1                         -1.7                     2023021.9827293705
1.1                       -1.7                     2093700.5618057689
1.2000000000000002        -1.7                     2168879.0921554645
1.3000000000000003        -1.7                     2266231.4916387843
1.4000000000000001        -1.7                     2383441.1552145206
1.5                       -1.7                     2538599.9081672723
1.6                       -1.7                     2727043.9292598646
1.7000000000000002        -1.7                     3025031.4315696033
1.8000000000000003        -1.7                     3440642.9995476874
1.9000000000000001        -1.7                     4105887.038144327
2                         -1.7                     5184978.112517299
0                         -1.5999999999999999      1622349.8493507896
0.1                       -1.5999999999999999      1625943.5226978597
0.2                       -1.5999999999999999      1633391.8158638168
0.30000000000000004       -1.5999999999999999      1645455.244349339
0.4                       -1.5999999999999999      1662983.026953942
0.5                       -1.5999999999999999      1684757.5860584495
0.6000000000000001        -1.5999999999999999      1712665.8597085073
0.7000000000000001        -1.5999999999999999      1745323.6955040952
0.8                       -1.5999999999999999      1782845.5575228815
0.9000000000000001        -1.5999999999999999      1828640.2864191623
1                         -1.5999999999999999      1877261.6663583333
1.1                       -1.5999999999999999      1939412.3229250112
1.2000000000000002        -1.5999999999999999      1999761.9795566187
1.3000000000000003        -1.5999999999999999      2087896.888446319
1.4000000000000001        -1.5999999999999999      2193894.8560887985
1.5                       -1.5999999999999999      2307610.481608874
1.6                       -1.5999999999999999      2482058.238541562
1.7000000000000002        -1.5999999999999999      2712903.572477759
1.8000000000000003        -1.5999999999999999      3073506.7772230413
1.9000000000000001        -1.5999999999999999      3650311.167964817
2                         -1.5999999999999999      4753697.898225693
0                         -1.5                     1486905.8589923508
0.1                       -1.5                     1489975.8814974688
0.2                       -1.5                     1496918.3822775
0.30000000000000004       -1.5                     1509293.395026927
0.4                       -1.5                     1526743.5007885802
0.5                       -1.5                     1548486.5323477471
0.6000000000000001        -1.5                     1575401.2331172966
0.7000000000000001        -1.5                     1606946.256349981
0.8                       -1.5                     1643592.4678052687
0.9000000000000001        -1.5                     1684795.5883141097
1                         -1.5                     1730328.0539322032
1.1                       -1.5                     1782916.6574401357
1.2000000000000002        -1.5                     1839945.1700151344
1.3000000000000003        -1.5                     1910971.7829541906
1.4000000000000001        -1.5                     1986320.027175694
1.5                       -1.5                     2081705.8719360726
1.6                       -1.5                     2200557.0170234097
1.7000000000000002        -1.5                     2358046.3743083635
1.8000000000000003        -1.5                     2585607.7325832224
1.9000000000000001        -1.5                     2993869.072703641
2                         -1.5                     2.9802322387695312E-8
0                         -1.4                     1346712.8616412072
0.1                       -1.4                     1349977.585159326
0.2                       -1.4                     1357605.8030458873
0.30000000000000004       -1.4                     1370079.0067865888
0.4                       -1.4                     1387681.1918352526
0.5                       -1.4                     1409476.5714554372
0.6000000000000001        -1.4                     1436596.793523595
0.7000000000000001        -1.4                     1467651.5809094198
0.8                       -1.4                     1501966.5466870724
0.9000000000000001        -1.4                     1541799.6455170044
1                         -1.4                     1584442.0147419332
1.1                       -1.4                     1627313.0730424102
1.2000000000000002        -1.4                     1678531.7003713294
1.3000000000000003        -1.4                     1725064.1249304386
1.4000000000000001        -1.4                     1777622.7242637128
1.5                       -1.4                     1840871.9951772902
1.6                       -1.4                     1902465.8565173598
1.7000000000000002        -1.4                     1990763.2640384703
1.8000000000000003        -1.4                     2101223.5380030666
1.9000000000000001        -1.4                     2297883.437222737
2                         -1.4                     2570080.0285101514
0                         -1.3                     1204739.8779632684
0.1                       -1.3                     1207788.9519080874
0.2                       -1.3                     1215523.1160040365
0.30000000000000004       -1.3                     1228726.6124130674
0.4                       -1.3                     1247072.0723149364
0.5                       -1.3                     1270129.820098948
0.6000000000000001        -1.3                     1297217.127756304
0.7000000000000001        -1.3                     1328455.4446141839
0.8                       -1.3                     1362127.6675331465
0.9000000000000001        -1.3                     1400314.80082212
1                         -1.3                     1439087.3349944376
1.1                       -1.3                     1482403.3435348647
1.2000000000000002        -1.3                     1515529.5732014638
1.3000000000000003        -1.3                     1551167.2743851657
1.4000000000000001        -1.3                     1588942.9453475592
1.5                       -1.3                     1621656.4160984312
1.6                       -1.3                     1639119.0548793958
1.7000000000000002        -1.3                     1639487.970324099
1.8000000000000003        -1.3                     1653828.584043148
1.9000000000000001        -1.3                     1661121.2822284803
2                         -1.3                     1721687.6719807312
0                         -1.1999999999999997      1059806.351794366
0.1                       -1.1999999999999997      1063167.8313393912
0.2                       -1.1999999999999997      1071884.5771841235
0.30000000000000004       -1.1999999999999997      1086164.3076675367
0.4                       -1.1999999999999997      1105872.7425396
0.5                       -1.1999999999999997      1130247.3076078005
0.6000000000000001        -1.1999999999999997      1159513.230643648
0.7000000000000001        -1.1999999999999997      1192301.14743357
0.8                       -1.1999999999999997      1227767.942132402
0.9000000000000001        -1.1999999999999997      1265602.9400393057
1                         -1.1999999999999997      1305421.2130888847
1.1                       -1.1999999999999997      1340638.0377103055
1.2000000000000002        -1.1999999999999997      1376316.4695902932
1.3000000000000003        -1.1999999999999997      1401013.6340643505
1.4000000000000001        -1.1999999999999997      1425956.8563929528
1.5                       -1.1999999999999997      1424732.506589777
1.6                       -1.1999999999999997      1405236.4653777564
1.7000000000000002        -1.1999999999999997      1370331.1601889161
1.8000000000000003        -1.1999999999999997      1307375.6182334672
1.9000000000000001        -1.1999999999999997      1224746.7809059464
2                         -1.1999999999999997      1160698.0966085948
0                         -1.0999999999999996      913739.9824923599
0.1                       -1.0999999999999996      917286.2313339876
0.2                       -1.0999999999999996      926956.2831210925
0.30000000000000004       -1.0999999999999996      943066.5926047139
0.4                       -1.0999999999999996      965114.2504488131
0.5                       -1.0999999999999996      992568.5622304326
0.6000000000000001        -1.0999999999999996      1024265.3514285731
0.7000000000000001        -1.0999999999999996      1059878.2550023228
0.8                       -1.0999999999999996      1099059.5127858662
0.9000000000000001        -1.0999999999999996      1138132.7138719426
1                         -1.0999999999999996      1178020.4081793786
1.1                       -1.0999999999999996      1216000.639867815
1.2000000000000002        -1.0999999999999996      1243733.1800323136
1.3000000000000003        -1.0999999999999996      1270198.2645051293
1.4000000000000001        -1.0999999999999996      1276777.1280282568
1.5                       -1.0999999999999996      1268307.7446029084
1.6                       -1.0999999999999996      1241963.2757770321
1.7000000000000002        -1.0999999999999996      1162617.0190407573
1.8000000000000003        -1.0999999999999996      1043200.9760531893
1.9000000000000001        -1.0999999999999996      886714.6939589835
2                         -1.0999999999999996      735487.4826888117
0                         -1                       765739.5661256363
0.1                       -1                       769959.0158185578
0.2                       -1                       781531.373412946
0.30000000000000004       -1                       800333.2606799345
0.4                       -1                       825898.682312622
0.5                       -1                       857310.303026032
0.6000000000000001        -1                       893751.1201059477
0.7000000000000001        -1                       934051.4563950683
0.8                       -1                       977365.4450885634
0.9000000000000001        -1                       1020911.970672862
1                         -1                       1064859.064448563
1.1                       -1                       1105655.1164136783
1.2000000000000002        -1                       1138833.5145693582
1.3000000000000003        -1                       1165651.0320477486
1.4000000000000001        -1                       1168453.0296719396
1.5                       -1                       1151459.6986840128
1.6                       -1                       1112150.3304940218
1.7000000000000002        -1                       1020093.7956488043
1.8000000000000003        -1                       878681.8772538668
1.9000000000000001        -1                       673254.4082528508
2                         -1                       414966.0572714713
0                         -0.9                     616910.4134889488
0.1                       -0.9                     621932.5208950372
0.2                       -0.9                     635998.4102303362
0.30000000000000004       -0.9                     659006.1045650055
0.4                       -0.9                     689819.0927154098
0.5                       -0.9                     727152.8519705379
0.6000000000000001        -0.9                     769979.0804450756
0.7000000000000001        -0.9                     816725.2749358633
0.8                       -0.9                     866175.5243883049
0.9000000000000001        -0.9                     916263.7797665457
1                         -0.9                     966576.5910101798
1.1                       -0.9                     1011305.0809522857
1.2000000000000002        -0.9                     1049996.925057774
1.3000000000000003        -0.9                     1081097.9050723305
1.4000000000000001        -0.9                     1091621.9951319657
1.5                       -0.9                     1084643.1280886836
1.6                       -0.9                     1039395.5933321173
1.7000000000000002        -0.9                     945081.1845516857
1.8000000000000003        -0.9                     821820.4507018817
1.9000000000000001        -0.9                     614001.2824538249
2                         -0.9                     353785.63012709835
0                         -0.7999999999999998      466436.85882703343
0.1                       -0.7999999999999998      473113.52432458213
0.2                       -0.7999999999999998      491706.4512818825
0.30000000000000004       -0.7999999999999998      521074.7488296805
0.4                       -0.7999999999999998      559684.9181902657
0.5                       -0.7999999999999998      605581.7044352349
0.6000000000000001        -0.7999999999999998      656620.0407892964
0.7000000000000001        -0.7999999999999998      711577.5791302206
0.8                       -0.7999999999999998      769688.3171365478
0.9000000000000001        -0.7999999999999998      826695.4451014904
1                         -0.7999999999999998      883051.5663976598
1.1                       -0.7999999999999998      938744.830545783
1.2000000000000002        -0.7999999999999998      984229.276346237
1.3000000000000003        -0.7999999999999998      1027605.7122893501
1.4000000000000001        -0.7999999999999998      1043638.9488646312
1.5                       -0.7999999999999998      1052028.0636083134
1.6                       -0.7999999999999998      1027516.2539620558
1.7000000000000002        -0.7999999999999998      963653.5757475793
1.8000000000000003        -0.7999999999999998      863392.5529051102
1.9000000000000001        -0.7999999999999998      716713.3111269819
2                         -0.7999999999999998      569545.1321693189
0                         -0.6999999999999997      315196.4942284465
0.1                       -0.6999999999999997      324743.6498209779
0.2                       -0.6999999999999997      351101.831788375
0.30000000000000004       -0.6999999999999997      391421.6944107243
0.4                       -0.6999999999999997      441714.88996816863
0.5                       -0.6999999999999997      498561.1480079669
0.6000000000000001        -0.6999999999999997      560623.265334296
0.7000000000000001        -0.6999999999999997      625266.6295704911
0.8                       -0.6999999999999997      690941.0898495521
0.9000000000000001        -0.6999999999999997      757469.626439301
1                         -0.6999999999999997      823379.1416251619
1.1                       -0.6999999999999997      883078.7276806128
1.2000000000000002        -0.6999999999999997      939714.438919908
1.3000000000000003        -0.6999999999999997      991055.3029478496
1.4000000000000001        -0.6999999999999997      1024052.4717015482
1.5                       -0.6999999999999997      1045875.1675954561
1.6                       -0.6999999999999997      1044226.1121465968
1.7000000000000002        -0.6999999999999997      1016302.6945163526
1.8000000000000003        -0.6999999999999997      976885.5274143683
1.9000000000000001        -0.6999999999999997      907219.9480987419
2                         -0.6999999999999997      882121.6681224928
0                         -0.5999999999999996      162283.67441673952
0.1                       -0.5999999999999996      180046.14497946625
0.2                       -0.5999999999999996      224415.80757586987
0.30000000000000004       -0.5999999999999996      283317.9089341657
0.4                       -0.5999999999999996      349687.63271873596
0.5                       -0.5999999999999996      419989.452348449
0.6000000000000001        -0.5999999999999996      492230.21534973144
0.7000000000000001        -0.5999999999999996      565674.4610615632
0.8                       -0.5999999999999996      640162.5879566867
0.9000000000000001        -0.5999999999999996      712890.5503229456
1                         -0.5999999999999996      784680.8748216428
1.1                       -0.5999999999999996      856258.8258006026
1.2000000000000002        -0.5999999999999996      919774.7179820117
1.3000000000000003        -0.5999999999999996      979436.4259785161
1.4000000000000001        -0.5999999999999996      1035408.1487244864
1.5                       -0.5999999999999996      1074656.2144502397
1.6                       -0.5999999999999996      1096345.0858241448
1.7000000000000002        -0.5999999999999996      1122156.7783828569
1.8000000000000003        -0.5999999999999996      1135134.7581173475
1.9000000000000001        -0.5999999999999996      1148833.415891679
2                         -0.5999999999999996      1207337.4737253378
0                         -0.5                     8656.254342620296
0.1                       -0.5                     77780.21575517657
0.2                       -0.5                     154880.34227850044
0.30000000000000004       -0.5                     232215.83622458155
0.4                       -0.5                     309922.5588410498
0.5                       -0.5                     387777.8565798266
0.6000000000000001        -0.5                     465863.4463883939
0.7000000000000001        -0.5                     544081.8969176386
0.8                       -0.5                     622139.3911377485
0.9000000000000001        -0.5                     700080.6408532052
1                         -0.5                     777843.7966376779
1.1                       -0.5                     851844.2545174112
1.2000000000000002        -0.5                     926902.1473377297
1.3000000000000003        -0.5                     1000657.2545095925
1.4000000000000001        -0.5                     1068917.4377878152
1.5                       -0.5                     1129517.0063857532
1.6                       -0.5                     1190831.2221999476
1.7000000000000002        -0.5                     1252549.6012515055
1.8000000000000003        -0.5                     1340436.0516754794
1.9000000000000001        -0.5                     1427807.379976791
2                         -0.5                     1571644.4961257465
0                         -0.3999999999999999      145783.4399454727
0.1                       -0.3999999999999999      165378.61269968105
0.2                       -0.3999999999999999      212836.42616676152
0.30000000000000004       -0.3999999999999999      274680.0360114787
0.4                       -0.3999999999999999      343148.0343980516
0.5                       -0.3999999999999999      415091.26714353275
0.6000000000000001        -0.3999999999999999      489987.6483278412
0.7000000000000001        -0.3999999999999999      566148.6339674931
0.8                       -0.3999999999999999      643102.1520450884
0.9000000000000001        -0.3999999999999999      721604.612282058
1                         -0.3999999999999999      801147.0935878375
1.1                       -0.3999999999999999      880695.5689937216
1.2000000000000002        -0.3999999999999999      960303.3197353097
1.3000000000000003        -0.3999999999999999      1038636.5567437859
1.4000000000000001        -0.3999999999999999      1125097.91835158
1.5                       -0.3999999999999999      1206947.4191138106
1.6                       -0.3999999999999999      1299729.9570420436
1.7000000000000002        -0.3999999999999999      1412472.144714509
1.8000000000000003        -0.3999999999999999      1549053.3808705502
1.9000000000000001        -0.3999999999999999      1704844.0771083524
2                         -0.3999999999999999      1978828.6366285745
0                         -0.2999999999999998      301882.33304379176
0.1                       -0.2999999999999998      311665.3146270234
0.2                       -0.2999999999999998      339636.74472677684
0.30000000000000004       -0.2999999999999998      381607.2970778896
0.4                       -0.2999999999999998      434200.6943734892
0.5                       -0.2999999999999998      494501.62045521947
0.6000000000000001        -0.2999999999999998      559250.1637589851
0.7000000000000001        -0.2999999999999998      628638.2630956323
0.8                       -0.2999999999999998      702210.888582631
0.9000000000000001        -0.2999999999999998      777412.1540218634
1                         -0.2999999999999998      855428.5996869073
1.1                       -0.2999999999999998      937962.5701355875
1.2000000000000002        -0.2999999999999998      1023858.3006661731
1.3000000000000003        -0.2999999999999998      1111899.487507229
1.4000000000000001        -0.2999999999999998      1200900.219532371
1.5                       -0.2999999999999998      1326663.678505464
1.6                       -0.2999999999999998      1436426.7922702525
1.7000000000000002        -0.2999999999999998      1581880.4820598892
1.8000000000000003        -0.2999999999999998      1796659.8575552856
1.9000000000000001        -0.2999999999999998      2063659.5586677406
2                         -0.2999999999999998      2411824.0420904127
0                         -0.19999999999999973     457813.7814860492
0.1                       -0.19999999999999973     464538.10137778835
0.2                       -0.19999999999999973     483999.2151367458
0.30000000000000004       -0.19999999999999973     515176.68488060916
0.4                       -0.19999999999999973     556105.744886436
0.5                       -0.19999999999999973     604764.6218024787
0.6000000000000001        -0.19999999999999973     661564.9069868532
0.7000000000000001        -0.19999999999999973     723550.6111299306
0.8                       -0.19999999999999973     789296.7898132738
0.9000000000000001        -0.19999999999999973     862716.6688600628
1                         -0.19999999999999973     941232.8338940715
1.1                       -0.19999999999999973     1021525.9537714294
1.2000000000000002        -0.19999999999999973     1110673.689595035
1.3000000000000003        -0.19999999999999973     1213535.60636267
1.4000000000000001        -0.19999999999999973     1321994.1280359048
1.5                       -0.19999999999999973     1440357.3332036308
1.6                       -0.19999999999999973     1612277.9961426796
1.7000000000000002        -0.19999999999999973     1797514.735840474
1.8000000000000003        -0.19999999999999973     2068549.6542003767
1.9000000000000001        -0.19999999999999973     2407467.303233308
2                         -0.19999999999999973     2906586.488008305
0                         -0.09999999999999966     613536.11859001
0.1                       -0.09999999999999966     618859.8777808116
0.2                       -0.09999999999999966     634027.1472481895
0.30000000000000004       -0.09999999999999966     658762.1873518557
0.4                       -0.09999999999999966     692592.350617155
0.5                       -0.09999999999999966     734415.2788440583
0.6000000000000001        -0.09999999999999966     782957.332339635
0.7000000000000001        -0.09999999999999966     838672.63472113
0.8                       -0.09999999999999966     901641.4341443797
0.9000000000000001        -0.09999999999999966     969543.4012782581
1                         -0.09999999999999966     1042499.63245435
1.1                       -0.09999999999999966     1130582.2954616032
1.2000000000000002        -0.09999999999999966     1224414.3764733009
1.3000000000000003        -0.09999999999999966     1322855.8448246901
1.4000000000000001        -0.09999999999999966     1450186.454739956
1.5                       -0.09999999999999966     1596608.6117152167
1.6                       -0.09999999999999966     1792934.9863406487
1.7000000000000002        -0.09999999999999966     2024124.4779702958
1.8000000000000003        -0.09999999999999966     2356677.5665743332
1.9000000000000001        -0.09999999999999966     2827934.278110174
2                         -0.09999999999999966     3511703.9606163283
0                         0                        769297.9173138217
0.1                       0                        772691.2932502514
0.2                       0                        785529.1943658397
0.30000000000000004       0                        806628.2311714374
0.4                       0                        835818.5005651956
0.5                       0                        871969.6226025879
0.6000000000000001        0                        916742.8343718408
0.7000000000000001        0                        967821.551639421
0.8                       0                        1024641.9477954644
0.9000000000000001        0                        1092790.3654546451
1                         0                        1166396.2035113615
1.1                       0                        1248435.0643503414
1.2000000000000002        0                        1349825.0963181013
1.3000000000000003        0                        1456355.2072407706
1.4000000000000001        0                        1591785.497173449
1.5                       0                        1755518.8936636588
1.6                       0                        1969467.6258049023
1.7000000000000002        0                        2249351.8880225136
1.8000000000000003        0                        2645593.355772111
1.9000000000000001        0                        3231317.015297753
2                         0                        1.6049041769309353E-7
0                         0.10000000000000009      921131.8397931048
0.1                       0.10000000000000009      925381.7541681151
0.2                       0.10000000000000009      936362.5466618025
0.30000000000000004       0.10000000000000009      955156.9816258235
0.4                       0.10000000000000009      981606.7503680371
0.5                       0.10000000000000009      1014556.2977990232
0.6000000000000001        0.10000000000000009      1055341.3760389653
0.7000000000000001        0.10000000000000009      1103601.9657942657
0.8                       0.10000000000000009      1160647.5776244865
0.9000000000000001        0.10000000000000009      1222996.2706054181
1                         0.10000000000000009      1295963.5316064144
1.1                       0.10000000000000009      1388576.7891889482
1.2000000000000002        0.10000000000000009      1479279.315650362
1.3000000000000003        0.10000000000000009      1602813.1956602565
1.4000000000000001        0.10000000000000009      1737803.1964370888
1.5                       0.10000000000000009      1919030.1431616233
1.6                       0.10000000000000009      2161512.4618632947
1.7000000000000002        0.10000000000000009      2461970.009943388
1.8000000000000003        0.10000000000000009      2900414.2105256147
1.9000000000000001        0.10000000000000009      3567883.063895338
2                         0.10000000000000009      4593510.6645548185
0                         0.20000000000000018      1070738.2519246677
0.1                       0.20000000000000018      1075126.3813983263
0.2                       0.20000000000000018      1085553.928687361
0.30000000000000004       0.20000000000000018      1102602.0308505741
0.4                       0.20000000000000018      1127007.182156503
0.5                       0.20000000000000018      1157659.7060816623
0.6000000000000001        0.20000000000000018      1196430.368118192
0.7000000000000001        0.20000000000000018      1241909.8405175728
0.8                       0.20000000000000018      1294256.566427084
0.9000000000000001        0.20000000000000018      1359151.9796585941
1                         0.20000000000000018      1429448.7640533452
1.1                       0.20000000000000018      1513561.1250992499
1.2000000000000002        0.20000000000000018      1621743.7974632957
1.3000000000000003        0.20000000000000018      1734454.2261735175
1.4000000000000001        0.20000000000000018      1882973.9356765766
1.5                       0.20000000000000018      2074470.3368020079
1.6                       0.20000000000000018      2322258.112966813
1.7000000000000002        0.20000000000000018      2630898.856630364
1.8000000000000003        0.20000000000000018      3066548.0825047377
1.9000000000000001        0.20000000000000018      3715051.5521623725
2                         0.20000000000000018      4754081.78423328
0                         0.3000000000000003       1218164.1928907726
0.1                       0.3000000000000003       1222110.4343079014
0.2                       0.3000000000000003       1231164.5533765573
0.30000000000000004       0.3000000000000003       1247376.084892389
0.4                       0.3000000000000003       1270471.668351856
0.5                       0.3000000000000003       1298901.4649778663
0.6000000000000001        0.3000000000000003       1335943.49725343
0.7000000000000001        0.3000000000000003       1380097.2420392716
0.8                       0.3000000000000003       1434767.2743704466
0.9000000000000001        0.3000000000000003       1492340.9429976463
1                         0.3000000000000003       1564620.5062875003
1.1                       0.3000000000000003       1654368.50554133
1.2000000000000002        0.3000000000000003       1749858.773616211
1.3000000000000003        0.3000000000000003       1875523.701242972
1.4000000000000001        0.3000000000000003       2018908.1288590874
1.5                       0.3000000000000003       2212684.7517122133
1.6                       0.3000000000000003       2439163.898746808
1.7000000000000002        0.3000000000000003       2745673.5023564524
1.8000000000000003        0.3000000000000003       3151819.543373137
1.9000000000000001        0.3000000000000003       3754244.319682894
2                         0.3000000000000003       4591904.309579371
0                         0.40000000000000036      1363263.492117614
0.1                       0.40000000000000036      1364164.5388165119
0.2                       0.40000000000000036      1373381.2715892363
0.30000000000000004       0.40000000000000036      1388248.1939327258
0.4                       0.40000000000000036      1410090.7421321042
0.5                       0.40000000000000036      1437592.6563987397
0.6000000000000001        0.40000000000000036      1472416.5949992617
0.7000000000000001        0.40000000000000036      1514209.3901258395
0.8                       0.40000000000000036      1562808.0488521361
0.9000000000000001        0.40000000000000036      1622988.6166143054
1                         0.40000000000000036      1690665.6289142922
1.1                       0.40000000000000036      1771846.2936793985
1.2000000000000002        0.40000000000000036      1874391.9327707407
1.3000000000000003        0.40000000000000036      1985778.8783263292
1.4000000000000001        0.40000000000000036      2121147.684835462
1.5                       0.40000000000000036      2304736.630225945
1.6                       0.40000000000000036      2526776.2779393033
1.7000000000000002        0.40000000000000036      2818306.0410094555
1.8000000000000003        0.40000000000000036      3201192.9203297533
1.9000000000000001        0.40000000000000036      3661822.9614202525
2                         0.40000000000000036      4263445.1397647355
0                         0.5                      1498481.7107704144
0.1                       0.5                      1502253.9208766469
0.2                       0.5                      1510084.9513784677
0.30000000000000004       0.5                      1524601.2914609523
0.4                       0.5                      1545358.1005393509
0.5                       0.5                      1570586.2720388432
0.6000000000000001        0.5                      1604338.6932643717
0.7000000000000001        0.5                      1644311.7709591815
0.8                       0.5                      1692833.6911611073
0.9000000000000001        0.5                      1746876.5736788176
1                         0.5                      1812463.6308301196
1.1                       0.5                      1893107.0909313376
1.2000000000000002        0.5                      1983612.7738600448
1.3000000000000003        0.5                      2094872.852085599
1.4000000000000001        0.5                      2219760.5324020325
1.5                       0.5                      2377502.678539066
1.6                       0.5                      2582014.7956843497
1.7000000000000002        0.5                      2809521.3366272165
1.8000000000000003        0.5                      3116606.9417407126
1.9000000000000001        0.5                      3503602.218037484
2                         0.5                      3944616.8603811376
0                         0.6000000000000006       1629917.3602803105
0.1                       0.6000000000000006       1634105.3483591154
0.2                       0.6000000000000006       1642347.4824266469
0.30000000000000004       0.6000000000000006       1655469.8221233191
0.4                       0.6000000000000006       1675016.7755008754
0.5                       0.6000000000000006       1699513.1581561207
0.6000000000000001        0.6000000000000006       1730297.8318734807
0.7000000000000001        0.6000000000000006       1767577.7411752369
0.8                       0.6000000000000006       1810993.3079013338
0.9000000000000001        0.6000000000000006       1862581.9221963792
1                         0.6000000000000006       1923758.5779698535
1.1                       0.6000000000000006       1992771.6551676404
1.2000000000000002        0.6000000000000006       2074350.8021988724
1.3000000000000003        0.6000000000000006       2169417.2447065
1.4000000000000001        0.6000000000000006       2286316.73410481
1.5                       0.6000000000000006       2419911.9286365053
1.6                       0.6000000000000006       2589498.0585993435
1.7000000000000002        0.6000000000000006       2783835.2379002497
1.8000000000000003        0.6000000000000006       3033990.7853696756
1.9000000000000001        0.6000000000000006       3312184.454508372
2                         0.6000000000000006       3636768.864381826
0                         0.7000000000000002       1757846.3727758406
0.1                       0.7000000000000002       1761356.63089396
0.2                       0.7000000000000002       1768137.0894471528
0.30000000000000004       0.7000000000000002       1780977.0047184466
0.4                       0.7000000000000002       1799283.646641211
0.5                       0.7000000000000002       1821272.6564184106
0.6000000000000001        0.7000000000000002       1850764.5330173832
0.7000000000000001        0.7000000000000002       1885171.4694016045
0.8                       0.7000000000000002       1927571.786764589
0.9000000000000001        0.7000000000000002       1972054.2665212927
1                         0.7000000000000002       2025300.5286629202
1.1                       0.7000000000000002       2089855.610852925
1.2000000000000002        0.7000000000000002       2163463.2783043296
1.3000000000000003        0.7000000000000002       2244269.8296702607
1.4000000000000001        0.7000000000000002       2335930.1117369374
1.5                       0.7000000000000002       2446491.1829334823
1.6                       0.7000000000000002       2567783.42729195
1.7000000000000002        0.7000000000000002       2728480.016738964
1.8000000000000003        0.7000000000000002       2917326.374775388
1.9000000000000001        0.7000000000000002       3118336.059426578
2                         0.7000000000000002       3333462.362749678
0                         0.7999999999999998       1878013.2888601003
0.1                       0.7999999999999998       1881889.777675272
0.2                       0.7999999999999998       1889115.5356150954
0.30000000000000004       0.7999999999999998       1900509.88482523
0.4                       0.7999999999999998       1917482.7055908388
0.5                       0.7999999999999998       1938540.7532465844
0.6000000000000001        0.7999999999999998       1964715.7355157728
0.7000000000000001        0.7999999999999998       1995862.8313262498
0.8                       0.7999999999999998       2031640.2891489617
0.9000000000000001        0.7999999999999998       2072732.7219732471
1                         0.7999999999999998       2119594.752685331
1.1                       0.7999999999999998       2171454.988033302
1.2000000000000002        0.7999999999999998       2225799.781312831
1.3000000000000003        0.7999999999999998       2294244.952999673
1.4000000000000001        0.7999999999999998       2366814.3808040717
1.5                       0.7999999999999998       2449296.4588142335
1.6                       0.7999999999999998       2547245.558190696
1.7000000000000002        0.7999999999999998       2646541.098340305
1.8000000000000003        0.7999999999999998       2775387.8938983832
1.9000000000000001        0.7999999999999998       2926587.47481932
2                         0.7999999999999998       3090512.6046106806
0                         0.9000000000000004       1994581.0139811432
0.1                       0.9000000000000004       1997740.3942879636
0.2                       0.9000000000000004       2003541.2424974923
0.30000000000000004       0.9000000000000004       2014640.8860554174
0.4                       0.9000000000000004       2030332.4209100404
0.5                       0.9000000000000004       2048953.4750953964
0.6000000000000001        0.9000000000000004       2073471.6687675824
0.7000000000000001        0.9000000000000004       2101491.5535429446
0.8                       0.9000000000000004       2135449.7186236437
0.9000000000000001        0.9000000000000004       2168702.6563412636
1                         0.9000000000000004       2207705.3753095847
1.1                       0.9000000000000004       2250589.824131736
1.2000000000000002        0.9000000000000004       2293736.8057163134
1.3000000000000003        0.9000000000000004       2341744.4814644963
1.4000000000000001        0.9000000000000004       2388249.320837612
1.5                       0.9000000000000004       2433851.980148545
1.6                       0.9000000000000004       2492524.450092355
1.7000000000000002        0.9000000000000004       2562150.1271769614
1.8000000000000003        0.9000000000000004       2633895.15576771
1.9000000000000001        0.9000000000000004       2729727.02221935
2                         0.9000000000000004       2853499.3028891836
0                         1                        2103526.6203807183
0.1                       1                        2107023.356100272
0.2                       1                        2113277.6779082515
0.30000000000000004       1                        2123084.380219047
0.4                       1                        2137535.2888712776
0.5                       1                        2155196.5312338877
0.6000000000000001        1                        2176874.2006809576
0.7000000000000001        1                        2201678.4987817323
0.8                       1                        2229387.9234357444
0.9000000000000001        1                        2259917.0901637566
1                         1                        2290300.267212524
1.1                       1                        2324040.066825209
1.2000000000000002        1                        2356333.0123710427
1.3000000000000003        1                        2375506.618801255
1.4000000000000001        1                        2409976.0528124557
1.5                       1                        2433122.7759900005
1.6                       1                        2427849.3877957175
1.7000000000000002        1                        2451850.2409855723
1.8000000000000003        1                        2477708.1238754275
1.9000000000000001        1                        2527280.212669546
2                         1                        2633196.707689534
0                         1.1000000000000005       2208995.174183072
0.1                       1.1000000000000005       2211838.689227743
0.2                       1.1000000000000005       2216849.1869048155
0.30000000000000004       1.1000000000000005       2226491.567925067
0.4                       1.1000000000000005       2239966.789043883
0.5                       1.1000000000000005       2255835.0612560906
0.6000000000000001        1.1000000000000005       2276008.205311986
0.7000000000000001        1.1000000000000005       2298465.7578119943
0.8                       1.1000000000000005       2323615.9282450266
0.9000000000000001        1.1000000000000005       2348351.2418424617
1                         1.1000000000000005       2374602.9980211384
1.1                       1.1000000000000005       2399047.974700655
1.2000000000000002        1.1000000000000005       2414841.30740192
1.3000000000000003        1.1000000000000005       2433604.2546823947
1.4000000000000001        1.1000000000000005       2435824.7367726495
1.5                       1.1000000000000005       2413437.61701455
1.6                       1.1000000000000005       2393540.803539071
1.7000000000000002        1.1000000000000005       2344324.8267209586
1.8000000000000003        1.1000000000000005       2285538.478367895
1.9000000000000001        1.1000000000000005       2282756.8026267644
2                         1.1000000000000005       2381917.503482748
0                         1.2000000000000002       2307149.2627895996
0.1                       1.2000000000000002       2310392.650875918
0.2                       1.2000000000000002       2315969.0566122383
0.30000000000000004       1.2000000000000002       2324689.8920257636
0.4                       1.2000000000000002       2337398.9823252247
0.5                       1.2000000000000002       2352652.955978664
0.6000000000000001        1.2000000000000002       2371277.576981084
0.7000000000000001        1.2000000000000002       2391852.5295462874
0.8                       1.2000000000000002       2413910.366482353
0.9000000000000001        1.2000000000000002       2436726.9668798926
1                         1.2000000000000002       2456969.9271291387
1.1                       1.2000000000000002       2475756.0248535112
1.2000000000000002        1.2000000000000002       2490247.4364244533
1.3000000000000003        1.2000000000000002       2490553.5744353193
1.4000000000000001        1.2000000000000002       2472239.390090243
1.5                       1.2000000000000002       2430476.2122221347
1.6                       1.2000000000000002       2370580.335678753
1.7000000000000002        1.2000000000000002       2256952.4463208797
1.8000000000000003        1.2000000000000002       2099009.4232590324
1.9000000000000001        1.2000000000000002       1956228.5759676665
2                         1.2000000000000002       2011339.1568496071
0                         1.3000000000000007       2401899.69574455
0.1                       1.3000000000000007       2404612.1669258783
0.2                       1.3000000000000007       2409189.434511472
0.30000000000000004       1.3000000000000007       2418099.649895361
0.4                       1.3000000000000007       2430461.3762719245
0.5                       1.3000000000000007       2445018.6572253266
0.6000000000000001        1.3000000000000007       2463054.659996527
0.7000000000000001        1.3000000000000007       2482756.398619392
0.8                       1.3000000000000007       2504116.8746237005
0.9000000000000001        1.3000000000000007       2525047.2042603493
1                         1.3000000000000007       2545445.2601857926
1.1                       1.3000000000000007       2561024.807911338
1.2000000000000002        1.3000000000000007       2567730.1246989635
1.3000000000000003        1.3000000000000007       2563501.975000855
1.4000000000000001        1.3000000000000007       2539506.4397022794
1.5                       1.3000000000000007       2496134.9108623555
1.6                       1.3000000000000007       2396612.0746093583
1.7000000000000002        1.3000000000000007       2228703.0110740666
1.8000000000000003        1.3000000000000007       1943350.5011571324
1.9000000000000001        1.3000000000000007       1580438.4129039273
2                         1.3000000000000007       1272057.520723073
0                         1.4000000000000004       2489236.1977271545
0.1                       1.4000000000000004       2492513.3874639077
0.2                       1.4000000000000004       2497918.4280655803
0.30000000000000004       1.4000000000000004       2506359.5005135136
0.4                       1.4000000000000004       2518691.8860080084
0.5                       1.4000000000000004       2533347.2937570834
0.6000000000000001        1.4000000000000004       2551473.053380194
0.7000000000000001        1.4000000000000004       2571573.0829171715
0.8                       1.4000000000000004       2592635.17761372
0.9000000000000001        1.4000000000000004       2614348.9891906367
1                         1.4000000000000004       2634299.3438791125
1.1                       1.4000000000000004       2650923.6993301907
1.2000000000000002        1.4000000000000004       2664942.8972036466
1.3000000000000003        1.4000000000000004       2663559.896532644
1.4000000000000001        1.4000000000000004       2646203.7867865255
1.5                       1.4000000000000004       2600777.3490556856
1.6                       1.4000000000000004       2501604.476277265
1.7000000000000002        1.4000000000000004       2349920.537383968
1.8000000000000003        1.4000000000000004       2026701.7850098936
1.9000000000000001        1.4000000000000004       1467922.4696987951
2                         1.4000000000000004       352764.5792922186
0                         1.5                      2572976.577347206
0.1                       1.5                      2575822.5349629056
0.2                       1.5                      2580396.722393665
0.30000000000000004       1.5                      2589522.8622355186
0.4                       1.5                      2602245.370482092
0.5                       1.5                      2617169.7545879413
0.6000000000000001        1.5                      2636186.2776912404
0.7000000000000001        1.5                      2657069.8790742694
0.8                       1.5                      2680187.5878320825
0.9000000000000001        1.5                      2704824.788641329
1                         1.5                      2728366.833672736
1.1                       1.5                      2751524.793205785
1.2000000000000002        1.5                      2767636.446320162
1.3000000000000003        1.5                      2779865.5996394986
1.4000000000000001        1.5                      2779807.0102576884
1.5                       1.5                      2751886.9937964017
1.6                       1.5                      2690661.244733164
1.7000000000000002        1.5                      2594664.554571146
1.8000000000000003        1.5                      2413965.4130092743
1.9000000000000001        1.5                      2150100.590065203
2                         1.5                      1.4901161193847656E-8
0                         1.6000000000000005       2648470.7231602357
0.1                       1.6000000000000005       2652095.5658370694
0.2                       1.6000000000000005       2657857.8506002403
0.30000000000000004       1.6000000000000005       2666834.70113464
0.4                       1.6000000000000005       2680186.263255113
0.5                       1.6000000000000005       2696172.55241912
0.6000000000000001        1.6000000000000005       2716474.3181135347
0.7000000000000001        1.6000000000000005       2739535.0787485493
0.8                       1.6000000000000005       2764901.3159977756
0.9000000000000001        1.6000000000000005       2793271.0703135226
1                         1.6000000000000005       2823255.7709286427
1.1                       1.6000000000000005       2853511.8746458604
1.2000000000000002        1.6000000000000005       2884675.5278470083
1.3000000000000003        1.6000000000000005       2909705.0268197223
1.4000000000000001        1.6000000000000005       2938490.582014551
1.5                       1.6000000000000005       2943540.5550769013
1.6                       1.6000000000000005       2964077.191422896
1.7000000000000002        1.6000000000000005       2973853.569156648
1.8000000000000003        1.6000000000000005       3009905.2278107586
1.9000000000000001        1.6000000000000005       3214679.108932159
2                         1.6000000000000005       3966208.4013014603
0                         1.7000000000000002       2719851.2184705073
0.1                       1.7000000000000002       2723049.2918677023
0.2                       1.7000000000000002       2727966.370134639
0.30000000000000004       1.7000000000000002       2738070.5036845542
0.4                       1.7000000000000002       2752357.014400042
0.5                       1.7000000000000002       2768919.141164186
0.6000000000000001        1.7000000000000002       2791461.840857185
0.7000000000000001        1.7000000000000002       2816833.3246939885
0.8                       1.7000000000000002       2845415.4649367407
0.9000000000000001        1.7000000000000002       2878971.510091301
1                         1.7000000000000002       2914723.6076215445
1.1                       1.7000000000000002       2957882.073789489
1.2000000000000002        1.7000000000000002       2999282.416164969
1.3000000000000003        1.7000000000000002       3049379.030975356
1.4000000000000001        1.7000000000000002       3107919.9030842916
1.5                       1.7000000000000002       3163318.9438460628
1.6                       1.7000000000000002       3262604.4206046644
1.7000000000000002        1.7000000000000002       3367812.734885034
1.8000000000000003        1.7000000000000002       3587299.8990244167
1.9000000000000001        1.7000000000000002       4072098.506460125
2                         1.7000000000000002       5090487.7299032835
0                         1.8000000000000007       2781525.7527157958
0.1                       1.8000000000000007       2785678.6875952114
0.2                       1.8000000000000007       2792112.049550589
0.30000000000000004       1.8000000000000007       2802093.7664905908
0.4                       1.8000000000000007       2817286.4013576107
0.5                       1.8000000000000007       2835754.1700863857
0.6000000000000001        1.8000000000000007       2859683.6543085794
0.7000000000000001        1.8000000000000007       2887679.947127482
0.8                       1.8000000000000007       2920149.929134788
0.9000000000000001        1.8000000000000007       2959254.5898593892
1                         1.8000000000000007       2999399.5249982574
1.1                       1.8000000000000007       3053159.797473212
1.2000000000000002        1.8000000000000007       3115654.319994554
1.3000000000000003        1.8000000000000007       3181421.7884553163
1.4000000000000001        1.8000000000000007       3261278.7636507363
1.5                       1.8000000000000007       3380426.6521187103
1.6                       1.8000000000000007       3503135.2544264593
1.7000000000000002        1.8000000000000007       3705983.41080271
1.8000000000000003        1.8000000000000007       4042289.945989755
1.9000000000000001        1.8000000000000007       4591087.52955235
2                         1.8000000000000007       5555204.403916536
0                         1.9000000000000004       2838375.197237215
0.1                       1.9000000000000004       2841988.2828466757
0.2                       1.9000000000000004       2847368.1264423886
0.30000000000000004       1.9000000000000004       2858685.87030575
0.4                       1.9000000000000004       2874892.877350566
0.5                       1.9000000000000004       2893520.0783855193
0.6000000000000001        1.9000000000000004       2920256.739541837
0.7000000000000001        1.9000000000000004       2951028.9109311244
0.8                       1.9000000000000004       2985814.905111127
0.9000000000000001        1.9000000000000004       3030515.0516473595
1                         1.9000000000000004       3080848.036405764
1.1                       1.9000000000000004       3140470.7975166724
1.2000000000000002        1.9000000000000004       3210412.0689975806
1.3000000000000003        1.9000000000000004       3297886.060248637
1.4000000000000001        1.9000000000000004       3407548.9917126126
1.5                       1.9000000000000004       3539421.659350333
1.6                       1.9000000000000004       3715719.927986068
1.7000000000000002        1.9000000000000004       3963027.351360365
1.8000000000000003        1.9000000000000004       4323307.277709141
1.9000000000000001        1.9000000000000004       4832931.729974713
2                         1.9000000000000004       5588600.418001513
0                         2                        2883917.477001107
0.1                       2                        2888551.231358364
0.2                       2                        2895613.5462410566
0.30000000000000004       2                        2906529.4034849415
0.4                       2                        2923441.63216372
0.5                       2                        2944212.6352892513
0.6000000000000001        2                        2971372.1209988785
0.7000000000000001        2                        3003850.8500793194
0.8                       2                        3042642.244058276
0.9000000000000001        2                        3090782.960137923
1                         2                        3144214.904476221
1.1                       2                        3213444.1882214886
1.2000000000000002        2                        3295630.716999314
1.3000000000000003        2                        3386592.049516096
1.4000000000000001        2                        3516960.6381782615
1.5                       2                        3673896.7906720466
1.6                       2                        3891702.7362474594
1.7000000000000002        2                        4152078.9817681783
1.8000000000000003        2                        4481097.4847330805
1.9000000000000001        2                        4908990.014293199
2                         2                        5472803.112742043
0                         2.1000000000000005       2923992.3884293684
0.1                       2.1000000000000005       2927894.7384132864
0.2                       2.1000000000000005       2933588.944638952
0.30000000000000004       2.1000000000000005       2945732.7305803266
0.4                       2.1000000000000005       2963239.778793232
0.5                       2.1000000000000005       2983294.823105726
0.6000000000000001        2.1000000000000005       3012814.7862912426
0.7000000000000001        2.1000000000000005       3047119.072800079
0.8                       2.1000000000000005       3085767.3410023386
0.9000000000000001        2.1000000000000005       3137873.1478868774
1                         2.1000000000000005       3196881.3194961245
1.1                       2.1000000000000005       3265806.154307425
1.2000000000000002        2.1000000000000005       3356170.5795886884
1.3000000000000003        2.1000000000000005       3461442.8240388073
1.4000000000000001        2.1000000000000005       3587661.7050004466
1.5                       2.1000000000000005       3758298.0448753275
1.6                       2.1000000000000005       3962484.5267285514
1.7000000000000002        2.1000000000000005       4225100.148547351
1.8000000000000003        2.1000000000000005       4555385.4098934615
1.9000000000000001        2.1000000000000005       4924831.043859215
2                         2.1000000000000005       5332995.757809168
0                         2.2                      2951633.792958205
0.1                       2.2                      2956487.9866879694
0.2                       2.2                      2963814.695211617
0.30000000000000004       2.2                      2975104.0753863063
0.4                       2.2                      2992737.116517479
0.5                       2.2                      3014447.2580728717
0.6000000000000001        2.2                      3042878.4086640505
0.7000000000000001        2.2                      3077271.7714305185
0.8                       2.2                      3118453.4120769855
0.9000000000000001        2.2                      3169986.9695392023
1                         2.2                      3228444.9184264364
1.1                       2.2                      3303165.0310047525
1.2000000000000002        2.2                      3392635.4339047577
1.3000000000000003        2.2                      3507871.4251932963
1.4000000000000001        2.2                      3636217.159324038
1.5                       2.2                      3802903.557873814
1.6                       2.2                      3996390.86484784
1.7000000000000002        2.2                      4253722.17404979
1.8000000000000003        2.2                      4554989.71061044
1.9000000000000001        2.2                      4905011.565248905
2                         2.2                      5255702.030491707
0                         2.3000000000000007       2973481.6260274965
0.1                       2.3000000000000007       2977416.2457988723
0.2                       2.3000000000000007       2983103.640650149
0.30000000000000004       2.3000000000000007       2995259.1565871765
0.4                       2.3000000000000007       3012800.8094727066
0.5                       2.3000000000000007       3032903.788813658
0.6000000000000001        2.3000000000000007       3062432.600097426
0.7000000000000001        2.3000000000000007       3096791.2270739153
0.8                       2.3000000000000007       3135298.3137417682
0.9000000000000001        2.3000000000000007       3187452.054089931
1                         2.3000000000000007       3246599.7940590484
1.1                       2.3000000000000007       3325080.6296309093
1.2000000000000002        2.3000000000000007       3405191.9214088093
1.3000000000000003        2.3000000000000007       3511711.2031104555
1.4000000000000001        2.3000000000000007       3640748.258947109
1.5                       2.3000000000000007       3799703.8451195452
1.6                       2.3000000000000007       4001222.1887445142
1.7000000000000002        2.3000000000000007       4252388.295716914
1.8000000000000003        2.3000000000000007       4532150.22714737
1.9000000000000001        2.3000000000000007       4859373.827202408
2                         2.3000000000000007       5203669.117787354
0                         2.4000000000000004       2982676.9394173943
0.1                       2.4000000000000004       2987395.1930819824
0.2                       2.4000000000000004       2994488.7691532015
0.30000000000000004       2.4000000000000004       3005387.7107112766
0.4                       2.4000000000000004       3022391.113852201
0.5                       2.4000000000000004       3043237.4258307815
0.6000000000000001        2.4000000000000004       3070336.071147663
0.7000000000000001        2.4000000000000004       3103000.5157985087
0.8                       2.4000000000000004       3141659.6669547632
0.9000000000000001        2.4000000000000004       3189895.0604958786
1                         2.4000000000000004       3242807.8006581482
1.1                       2.4000000000000004       3311800.0504705524
1.2000000000000002        2.4000000000000004       3394365.8820211617
1.3000000000000003        2.4000000000000004       3493557.632022298
1.4000000000000001        2.4000000000000004       3605722.44746799
1.5                       2.4000000000000004       3765254.139692213
1.6                       2.4000000000000004       3940658.6508964794
1.7000000000000002        2.4000000000000004       4172958.733069508
1.8000000000000003        2.4000000000000004       4458931.152490536
1.9000000000000001        2.4000000000000004       4811884.787318664
2                         2.4000000000000004       5182627.722178542
0                         2.5                      2986171.75212333
0.1                       2.5                      2989874.350096943
0.2                       2.5                      2995227.670187472
0.30000000000000004       2.5                      3006553.9747865885
0.4                       2.5                      3022847.3993713423
0.5                       2.5                      3041570.43647442
0.6000000000000001        2.5                      3068295.3171732626
0.7000000000000001        2.5                      3099238.8950770227
0.8                       2.5                      3133621.5918805306
0.9000000000000001        2.5                      3178539.871030695
1                         2.5                      3229134.12413222
1.1                       2.5                      3287845.6885318076
1.2000000000000002        2.5                      3357215.268075781
1.3000000000000003        2.5                      3442690.2626988553
1.4000000000000001        2.5                      3546231.331128767
1.5                       2.5                      3672118.1754472093
1.6                       2.5                      3858970.6395048946
1.7000000000000002        2.5                      4053243.468874866
1.8000000000000003        2.5                      4349510.126303962
1.9000000000000001        2.5                      4719046.039525696
2                         2.5                      5197949.253622379
