% Model:              ring_decel_osterwalder.mph
% Version:            COMSOL 5.4.0.225
% Date:               Mar 19 2019, 15:33
% Dimension:          2
% Nodes:              1281
% Expressions:        1
% Description:        Electric field norm
% Length unit:        mm
% r                       z                        es.normE (V/m) @ ph=0
0                         -3                       2978734.091830231
0.1                       -3                       2977587.1417138996
0.2                       -3                       2982890.715334424
0.30000000000000004       -3                       2990928.8473886102
0.4                       -3                       3003024.6900199004
0.5                       -3                       3017244.484798671
0.6000000000000001        -3                       3034587.9652639506
0.7000000000000001        -3                       3053826.4991971143
0.8                       -3                       3073809.2420824426
0.9000000000000001        -3                       3094756.2384110927
1                         -3                       3113747.5952755804
1.1                       -3                       3128772.929828195
1.2000000000000002        -3                       3136332.805846705
1.3000000000000003        -3                       3129707.3942832765
1.4000000000000001        -3                       3102541.836370703
1.5                       -3                       3035064.6136439987
1.6                       -3                       2928886.982257144
1.7000000000000002        -3                       2707823.467395027
1.8000000000000003        -3                       2330726.852246998
1.9000000000000001        -3                       1576321.4304350575
2                         -3                       1.3234889800848443E-23
0                         -2.9                     2971328.8456573132
0.1                       -2.9                     2974272.1501177014
0.2                       -2.9                     2978569.368641095
0.30000000000000004       -2.9                     2987262.2287423504
0.4                       -2.9                     2999562.412173138
0.5                       -2.9                     3013729.1188712157
0.6000000000000001        -2.9                     3031563.7341645528
0.7000000000000001        -2.9                     3051268.485492082
0.8                       -2.9                     3072575.1823000507
0.9000000000000001        -2.9                     3093424.8814957277
1                         -2.9                     3113495.472919877
1.1                       -2.9                     3128405.279917987
1.2000000000000002        -2.9                     3139886.2397518805
1.3000000000000003        -2.9                     3137850.7703879373
1.4000000000000001        -2.9                     3113467.6182042207
1.5                       -2.9                     3066139.7560361545
1.6                       -2.9                     2973296.3296861076
1.7000000000000002        -2.9                     2806135.9689427475
1.8000000000000003        -2.9                     2527697.9826139826
1.9000000000000001        -2.9                     2153412.012852851
2                         -2.9                     2093924.8095923734
0                         -2.8                     2959113.6452864967
0.1                       -2.8                     2962792.181294344
0.2                       -2.8                     2968343.726145479
0.30000000000000004       -2.8                     2976780.5762227266
0.4                       -2.8                     2989556.2456111643
0.5                       -2.8                     3004693.021133382
0.6000000000000001        -2.8                     3023353.331484439
0.7000000000000001        -2.8                     3044444.7092805305
0.8                       -2.8                     3066977.039285927
0.9000000000000001        -2.8                     3091733.12023312
1                         -2.8                     3115429.5676037185
1.1                       -2.8                     3137944.2264231564
1.2000000000000002        -2.8                     3155762.635663692
1.3000000000000003        -2.8                     3170618.7845933265
1.4000000000000001        -2.8                     3163922.752713602
1.5                       -2.8                     3144449.480262233
1.6                       -2.8                     3099860.6486525955
1.7000000000000002        -2.8                     3056901.907774334
1.8000000000000003        -2.8                     2962886.668727902
1.9000000000000001        -2.8                     3051838.9471957274
2                         -2.8                     3599160.379339347
0                         -2.7                     2942263.4955241308
0.1                       -2.7                     2945439.334145305
0.2                       -2.7                     2950092.1977612223
0.30000000000000004       -2.7                     2959624.046137053
0.4                       -2.7                     2973199.7185814795
0.5                       -2.7                     2988866.841746512
0.6000000000000001        -2.7                     3009496.369501975
0.7000000000000001        -2.7                     3032774.9324630816
0.8                       -2.7                     3060240.2824827977
0.9000000000000001        -2.7                     3086750.479877828
1                         -2.7                     3116838.8100516354
1.1                       -2.7                     3147517.2648755503
1.2000000000000002        -2.7                     3178411.4762575678
1.3000000000000003        -2.7                     3201850.9172516745
1.4000000000000001        -2.7                     3230752.775216874
1.5                       -2.7                     3251486.4134560144
1.6                       -2.7                     3289667.0128792482
1.7000000000000002        -2.7                     3303704.2676423104
1.8000000000000003        -2.7                     3399175.976865
1.9000000000000001        -2.7                     3668676.166762724
2                         -2.7                     4272765.280733955
0                         -2.6000000000000005      2920643.7990601454
0.1                       -2.6000000000000005      2919312.412196335
0.2                       -2.6000000000000005      2925489.1649297057
0.30000000000000004       -2.6000000000000005      2934926.9992795577
0.4                       -2.6000000000000005      2949415.6957843537
0.5                       -2.6000000000000005      2966881.489478269
0.6000000000000001        -2.6000000000000005      2988874.1991243414
0.7000000000000001        -2.6000000000000005      3014698.523547282
0.8                       -2.6000000000000005      3043573.61529474
0.9000000000000001        -2.6000000000000005      3077746.4837667565
1                         -2.6000000000000005      3113129.9292978314
1.1                       -2.6000000000000005      3154380.370866376
1.2000000000000002        -2.6000000000000005      3197164.6930008493
1.3000000000000003        -2.6000000000000005      3247454.5257832827
1.4000000000000001        -2.6000000000000005      3304965.5620287405
1.5                       -2.6000000000000005      3368798.4448450664
1.6                       -2.6000000000000005      3433379.8267435413
1.7000000000000002        -2.6000000000000005      3545438.192928478
1.8000000000000003        -2.6000000000000005      3732208.6591943027
1.9000000000000001        -2.6000000000000005      4040888.7935807095
2                         -2.6000000000000005      4526009.321698176
0                         -2.5                     2883234.6229713666
0.1                       -2.5                     2886752.703013316
0.2                       -2.5                     2891946.6530694077
0.30000000000000004       -2.5                     2902748.9300584286
0.4                       -2.5                     2918252.7767002797
0.5                       -2.5                     2936152.8799763406
0.6000000000000001        -2.5                     2961031.016129354
0.7000000000000001        -2.5                     2989684.3412992633
0.8                       -2.5                     3021122.956121291
0.9000000000000001        -2.5                     3061383.6466146596
1                         -2.5                     3105835.7628661995
1.1                       -2.5                     3155531.1835458046
1.2000000000000002        -2.5                     3219220.1201363183
1.3000000000000003        -2.5                     3279142.14531133
1.4000000000000001        -2.5                     3360835.8391423016
1.5                       -2.5                     3446576.521816308
1.6                       -2.5                     3573879.15639587
1.7000000000000002        -2.5                     3737487.1115803537
1.8000000000000003        -2.5                     3956083.4411897534
1.9000000000000001        -2.5                     4254531.002967936
2                         -2.5                     4630244.200055223
0                         -2.4                     2840085.4327026536
0.1                       -2.4                     2844561.4233364468
0.2                       -2.4                     2851432.1942570372
0.30000000000000004       -2.4                     2861998.671210217
0.4                       -2.4                     2878378.2952383626
0.5                       -2.4                     2898429.35848409
0.6000000000000001        -2.4                     2924176.936857466
0.7000000000000001        -2.4                     2955157.1002613944
0.8                       -2.4                     2991214.90182413
0.9000000000000001        -2.4                     3035572.609843354
1                         -2.4                     3083856.8266718048
1.1                       -2.4                     3145546.623388185
1.2000000000000002        -2.4                     3216777.658102038
1.3000000000000003        -2.4                     3300060.9439921835
1.4000000000000001        -2.4                     3396771.758695299
1.5                       -2.4                     3526093.90408075
1.6                       -2.4                     3687560.2347316328
1.7000000000000002        -2.4                     3868141.701541481
1.8000000000000003        -2.4                     4109994.1748062028
1.9000000000000001        -2.4                     4399483.93467705
2                         -2.4                     4710005.640607726
0                         -2.3                     2791606.752554031
0.1                       -2.3                     2795392.660067375
0.2                       -2.3                     2801064.0282534654
0.30000000000000004       -2.3                     2812957.3591291257
0.4                       -2.3                     2830102.0850829934
0.5                       -2.3                     2849900.6538917217
0.6000000000000001        -2.3                     2878433.6109636556
0.7000000000000001        -2.3                     2911653.9339392823
0.8                       -2.3                     2948661.3850589977
0.9000000000000001        -2.3                     2998392.823891772
1                         -2.3                     3054202.728971875
1.1                       -2.3                     3118140.1803003494
1.2000000000000002        -2.3                     3201181.239970137
1.3000000000000003        -2.3                     3295550.7827338413
1.4000000000000001        -2.3                     3413604.5003713607
1.5                       -2.3                     3556250.447677149
1.6                       -2.3                     3729828.331570759
1.7000000000000002        -2.3                     3947067.5635264292
1.8000000000000003        -2.3                     4204729.790621619
1.9000000000000001        -2.3                     4497684.112113257
2                         -2.3                     4805827.463287826
0                         -2.2                     2731353.6525717564
0.1                       -2.2                     2736030.9720065235
0.2                       -2.2                     2743330.129766524
0.30000000000000004       -2.2                     2754631.0492524705
0.4                       -2.2                     2772170.6389888274
0.5                       -2.2                     2793834.099198904
0.6000000000000001        -2.2                     2822016.0384197356
0.7000000000000001        -2.2                     2856183.7169936635
0.8                       -2.2                     2896833.1208793754
0.9000000000000001        -2.2                     2947553.8076222064
1                         -2.2                     3004711.9476746353
1.1                       -2.2                     3078100.294158008
1.2000000000000002        -2.2                     3165108.2624513293
1.3000000000000003        -2.2                     3275924.720360757
1.4000000000000001        -2.2                     3400767.887842738
1.5                       -2.2                     3557324.5276102736
1.6                       -2.2                     3759030.970143811
1.7000000000000002        -2.2                     3992076.945349393
1.8000000000000003        -2.2                     4276063.367985262
1.9000000000000001        -2.2                     4598811.109775689
2                         -2.2                     4938288.267490297
0                         -2.1                     2665702.1533727236
0.1                       -2.1                     2669531.3668620586
0.2                       -2.1                     2675420.226073909
0.30000000000000004       -2.1                     2687716.3757527773
0.4                       -2.1                     2705447.818047145
0.5                       -2.1                     2725971.0877509
0.6000000000000001        -2.1                     2755855.312151673
0.7000000000000001        -2.1                     2790779.957400013
0.8                       -2.1                     2830184.9076071326
0.9000000000000001        -2.1                     2883254.8126855087
1                         -2.1                     2943777.001563302
1.1                       -2.1                     3014330.105693918
1.2000000000000002        -2.1                     3105122.2787702587
1.3000000000000003        -2.1                     3211499.501598973
1.4000000000000001        -2.1                     3346939.0587876756
1.5                       -2.1                     3527556.4635616117
1.6                       -2.1                     3725968.949971224
1.7000000000000002        -2.1                     3996425.3145152233
1.8000000000000003        -2.1                     4311583.878305986
1.9000000000000001        -2.1                     4691827.665528014
2                         -2.1                     5115432.1183865825
0                         -2                       2588475.9998006364
0.1                       -2                       2593015.9925488373
0.2                       -2                       2600286.283155069
0.30000000000000004       -2                       2611622.4584364495
0.4                       -2                       2629079.1087080627
0.5                       -2                       2650680.4691862683
0.6000000000000001        -2                       2678926.283349257
0.7000000000000001        -2                       2712914.53279702
0.8                       -2                       2753594.774293116
0.9000000000000001        -2                       2804621.6203559088
1                         -2                       2861079.394499316
1.1                       -2                       2935461.195313469
1.2000000000000002        -2                       3025788.270703159
1.3000000000000003        -2                       3134469.4416945386
1.4000000000000001        -2                       3272634.4962062216
1.5                       -2                       3437693.6219097883
1.6                       -2                       3651718.720448279
1.7000000000000002        -2                       3926586.0579613037
1.8000000000000003        -2                       4299949.959230434
1.9000000000000001        -2                       4753590.131491209
2                         -2                       5309787.084907028
0                         -1.9                     2506185.061212111
0.1                       -1.9                     2509793.062970231
0.2                       -1.9                     2515587.3806255595
0.30000000000000004       -1.9                     2527449.6572321956
0.4                       -1.9                     2544488.3692431115
0.5                       -1.9                     2564366.620452642
0.6000000000000001        -1.9                     2592749.091660494
0.7000000000000001        -1.9                     2625863.9632059373
0.8                       -1.9                     2663590.9176950133
0.9000000000000001        -1.9                     2712437.598911676
1                         -1.9                     2768917.2372637074
1.1                       -1.9                     2842475.0584254353
1.2000000000000002        -1.9                     2916607.3715119036
1.3000000000000003        -1.9                     3018390.415603894
1.4000000000000001        -1.9                     3145035.1330698235
1.5                       -1.9                     3306663.772713593
1.6                       -1.9                     3517155.8085935903
1.7000000000000002        -1.9                     3819919.101892014
1.8000000000000003        -1.9                     4201894.181858619
1.9000000000000001        -1.9                     4748271.54707746
2                         -1.9                     5490911.222513018
0                         -1.8                     2413484.0678563737
0.1                       -1.8                     2417582.1238084496
0.2                       -1.8                     2424413.257559659
0.30000000000000004       -1.8                     2435147.207175937
0.4                       -1.8                     2451397.3164973087
0.5                       -1.8                     2471412.181779162
0.6000000000000001        -1.8                     2497450.1698475326
0.7000000000000001        -1.8                     2528185.7856184826
0.8                       -1.8                     2564507.326511628
0.9000000000000001        -1.8                     2609470.27707552
1                         -1.8                     2662801.139046085
1.1                       -1.8                     2721145.2400544076
1.2000000000000002        -1.8                     2796324.7357925465
1.3000000000000003        -1.8                     2882744.793095355
1.4000000000000001        -1.8                     2991261.1634859317
1.5                       -1.8                     3133724.62469643
1.6                       -1.8                     3325919.434077422
1.7000000000000002        -1.8                     3577061.9578479086
1.8000000000000003        -1.8                     4002115.5260473858
1.9000000000000001        -1.8                     4613198.823152393
2                         -1.8                     5598911.188886187
0                         -1.7                     2316410.2974754637
0.1                       -1.7                     2319624.0386907132
0.2                       -1.7                     2325129.5099337883
0.30000000000000004       -1.7                     2336013.9306092747
0.4                       -1.7                     2351506.9304308207
0.5                       -1.7                     2369853.6308858455
0.6000000000000001        -1.7                     2394704.8366270578
0.7000000000000001        -1.7                     2423491.13512849
0.8                       -1.7                     2456449.572802339
0.9000000000000001        -1.7                     2495718.5960920677
1                         -1.7                     2540110.981467323
1.1                       -1.7                     2596649.9509347803
1.2000000000000002        -1.7                     2652983.703119092
1.3000000000000003        -1.7                     2725650.6534983227
1.4000000000000001        -1.7                     2810168.691229175
1.5                       -1.7                     2923286.0437026224
1.6                       -1.7                     3055794.0115227546
1.7000000000000002        -1.7                     3278584.8194427537
1.8000000000000003        -1.7                     3619456.9191015507
1.9000000000000001        -1.7                     4224986.073138753
2                         -1.7                     5299260.262306686
0                         -1.5999999999999999      2210743.8085262207
0.1                       -1.5999999999999999      2214279.9561573067
0.2                       -1.5999999999999999      2220532.5800219714
0.30000000000000004       -1.5999999999999999      2230435.1272961614
0.4                       -1.5999999999999999      2245059.489514472
0.5                       -1.5999999999999999      2262909.8453304004
0.6000000000000001        -1.5999999999999999      2285693.816800061
0.7000000000000001        -1.5999999999999999      2311944.5084207817
0.8                       -1.5999999999999999      2341699.8221657607
0.9000000000000001        -1.5999999999999999      2376990.387167311
1                         -1.5999999999999999      2412857.680600285
1.1                       -1.5999999999999999      2456959.4545155247
1.2000000000000002        -1.5999999999999999      2497083.580655863
1.3000000000000003        -1.5999999999999999      2551619.8145023664
1.4000000000000001        -1.5999999999999999      2618948.5545534273
1.5                       -1.5999999999999999      2674735.123102986
1.6                       -1.5999999999999999      2769216.007971685
1.7000000000000002        -1.5999999999999999      2896280.6216760646
1.8000000000000003        -1.5999999999999999      3114726.257981727
1.9000000000000001        -1.5999999999999999      3528793.4609767483
2                         -1.5999999999999999      4540421.01324647
0                         -1.5                     2101550.451136185
0.1                       -1.5                     2104378.4944831105
0.2                       -1.5                     2109644.4524135073
0.30000000000000004       -1.5                     2119610.0359835336
0.4                       -1.5                     2133612.915656861
0.5                       -1.5                     2150529.7873026524
0.6000000000000001        -1.5                     2171763.2284704926
0.7000000000000001        -1.5                     2196001.993241528
0.8                       -1.5                     2223476.5764137814
0.9000000000000001        -1.5                     2253281.8369516004
1                         -1.5                     2284873.6142565818
1.1                       -1.5                     2318068.659420429
1.2000000000000002        -1.5                     2350439.7882153005
1.3000000000000003        -1.5                     2387738.292280989
1.4000000000000001        -1.5                     2415233.413437833
1.5                       -1.5                     2444073.5069679637
1.6                       -1.5                     2468735.3407245963
1.7000000000000002        -1.5                     2485046.9936581645
1.8000000000000003        -1.5                     2495723.20496752
1.9000000000000001        -1.5                     2606720.635507823
2                         -1.5                     0
0                         -1.4                     1985637.459298549
0.1                       -1.4                     1988739.8340496323
0.2                       -1.4                     1994650.8884175373
0.30000000000000004       -1.4                     2004074.4356224823
0.4                       -1.4                     2017637.2966473587
0.5                       -1.4                     2034094.8435740713
0.6000000000000001        -1.4                     2054457.2694670314
0.7000000000000001        -1.4                     2077327.5032852315
0.8                       -1.4                     2102024.76813043
0.9000000000000001        -1.4                     2129282.8073089933
1                         -1.4                     2156936.2856153385
1.1                       -1.4                     2181137.681909848
1.2000000000000002        -1.4                     2205717.398540908
1.3000000000000003        -1.4                     2219527.2992597288
1.4000000000000001        -1.4                     2223622.4569156575
1.5                       -1.4                     2215557.9288998796
1.6                       -1.4                     2178504.7222562693
1.7000000000000002        -1.4                     2107993.1964536775
1.8000000000000003        -1.4                     1969567.9004043033
1.9000000000000001        -1.4                     1774042.425197903
2                         -1.4                     1461215.3873302802
0                         -1.3                     1866934.6318899493
0.1                       -1.3                     1869573.2255088338
0.2                       -1.3                     1874922.7454534448
0.30000000000000004       -1.3                     1884680.7203408827
0.4                       -1.3                     1898234.6802499967
0.5                       -1.3                     1914751.0085833373
0.6000000000000001        -1.3                     1934530.055922244
0.7000000000000001        -1.3                     1956738.2844451566
0.8                       -1.3                     1980556.4444538457
0.9000000000000001        -1.3                     2005400.0476950682
1                         -1.3                     2029269.2360741657
1.1                       -1.3                     2053202.3010709414
1.2000000000000002        -1.3                     2063574.799902875
1.3000000000000003        -1.3                     2069244.6119966009
1.4000000000000001        -1.3                     2062153.994231664
1.5                       -1.3                     2032503.8679333078
1.6                       -1.3                     1958381.4591850417
1.7000000000000002        -1.3                     1828927.1746592475
1.8000000000000003        -1.3                     1608698.320191224
1.9000000000000001        -1.3                     1233178.779149964
2                         -1.3                     651416.0218427244
0                         -1.2                     1742865.1630105427
0.1                       -1.2                     1745855.5201849907
0.2                       -1.2                     1751981.5907164486
0.30000000000000004       -1.2                     1761787.5131870487
0.4                       -1.2                     1775701.8026300855
0.5                       -1.2                     1792655.380874482
0.6000000000000001        -1.2                     1813108.778913136
0.7000000000000001        -1.2                     1835831.8921525844
0.8                       -1.2                     1860048.5704576084
0.9000000000000001        -1.2                     1884876.3571286078
1                         -1.2                     1910294.1772650473
1.1                       -1.2                     1928888.74097243
1.2000000000000002        -1.2                     1942742.0450482366
1.3000000000000003        -1.2                     1945078.4518227293
1.4000000000000001        -1.2                     1933546.1366343934
1.5                       -1.2                     1887982.565684421
1.6                       -1.2                     1809080.86468135
1.7000000000000002        -1.2                     1666383.31932236
1.8000000000000003        -1.2                     1466996.3403010394
1.9000000000000001        -1.2                     1172358.3469358692
2                         -1.2                     818789.862458372
0                         -1.0999999999999999      1616446.860429389
0.1                       -1.0999999999999999      1619203.0913646817
0.2                       -1.0999999999999999      1625166.241581115
0.30000000000000004       -1.0999999999999999      1635850.0197516282
0.4                       -1.0999999999999999      1650631.8887766064
0.5                       -1.0999999999999999      1668641.0211511631
0.6000000000000001        -1.0999999999999999      1690312.3519226902
0.7000000000000001        -1.0999999999999999      1714483.531224878
0.8                       -1.0999999999999999      1740836.231235662
0.9000000000000001        -1.0999999999999999      1767321.6770234634
1                         -1.0999999999999999      1793426.8220267023
1.1                       -1.0999999999999999      1816503.2464745443
1.2000000000000002        -1.0999999999999999      1828180.7545834554
1.3000000000000003        -1.0999999999999999      1839041.7622321146
1.4000000000000001        -1.0999999999999999      1824589.500493719
1.5                       -1.0999999999999999      1792502.7194187734
1.6                       -1.0999999999999999      1736063.4181064176
1.7000000000000002        -1.0999999999999999      1622286.733610626
1.8000000000000003        -1.0999999999999999      1464546.2826989454
1.9000000000000001        -1.0999999999999999      1270192.5546703846
2                         -1.0999999999999999      1090349.094437102
0                         -1                       1485237.6381769755
0.1                       -1                       1488497.5480131668
0.2                       -1                       1495551.4505622522
0.30000000000000004       -1                       1506869.5932149643
0.4                       -1                       1522941.2984513536
0.5                       -1                       1542745.2761130254
0.6000000000000001        -1                       1566473.8172172909
0.7000000000000001        -1                       1593260.6818907338
0.8                       -1                       1622570.2827117937
0.9000000000000001        -1                       1652861.5342671718
1                         -1                       1683672.057925184
1.1                       -1                       1712330.3533489665
1.2000000000000002        -1                       1736043.2521254355
1.3000000000000003        -1                       1753375.7357252631
1.4000000000000001        -1                       1754241.1611902139
1.5                       -1                       1732064.7354811367
1.6                       -1                       1703038.3745638665
1.7000000000000002        -1                       1632340.3492799683
1.8000000000000003        -1                       1535721.0954246966
1.9000000000000001        -1                       1429144.5682534596
2                         -1                       1344714.9339334064
0                         -0.9                     1351807.9016503184
0.1                       -0.9                     1354995.4686856924
0.2                       -0.9                     1362216.5671595954
0.30000000000000004       -0.9                     1375075.9023834516
0.4                       -0.9                     1392919.055359089
0.5                       -0.9                     1414614.9613478861
0.6000000000000001        -0.9                     1441568.198536054
0.7000000000000001        -0.9                     1471907.7288318458
0.8                       -0.9                     1504915.0538965221
0.9000000000000001        -0.9                     1541131.29464778
1                         -0.9                     1578603.4746247828
1.1                       -0.9                     1614310.3584863083
1.2000000000000002        -0.9                     1648238.5402768308
1.3000000000000003        -0.9                     1679633.6757647332
1.4000000000000001        -0.9                     1698379.0020996202
1.5                       -0.9                     1713116.291775393
1.6                       -0.9                     1705465.2514784052
1.7000000000000002        -0.9                     1682609.5205817898
1.8000000000000003        -0.9                     1654325.6007094972
1.9000000000000001        -0.9                     1618726.746093538
2                         -0.9                     1602979.4042250842
0                         -0.7999999999999998      1213569.479195042
0.1                       -0.7999999999999998      1217420.9956208086
0.2                       -0.7999999999999998      1226150.8888141438
0.30000000000000004       -0.7999999999999998      1240202.1465849783
0.4                       -0.7999999999999998      1260228.347047379
0.5                       -0.7999999999999998      1285148.4320531562
0.6000000000000001        -0.7999999999999998      1315182.0407335637
0.7000000000000001        -0.7999999999999998      1349750.77948195
0.8                       -0.7999999999999998      1388672.8433037219
0.9000000000000001        -0.7999999999999998      1430749.4514654023
1                         -0.7999999999999998      1474999.827956068
1.1                       -0.7999999999999998      1523293.1295465168
1.2000000000000002        -0.7999999999999998      1569855.891496677
1.3000000000000003        -0.7999999999999998      1626192.5526632497
1.4000000000000001        -0.7999999999999998      1662240.3972194172
1.5                       -0.7999999999999998      1706709.1336306406
1.6                       -0.7999999999999998      1735119.55046377
1.7000000000000002        -0.7999999999999998      1765449.6399575
1.8000000000000003        -0.7999999999999998      1793797.647988738
1.9000000000000001        -0.7999999999999998      1828501.9158667543
2                         -0.7999999999999998      1875559.401988063
0                         -0.6999999999999997      1073087.0545702807
0.1                       -0.6999999999999997      1076982.5379975035
0.2                       -0.6999999999999997      1086247.7456631775
0.30000000000000004       -0.6999999999999997      1102575.3347727635
0.4                       -0.6999999999999997      1125289.3602934354
0.5                       -0.6999999999999997      1152927.3114258598
0.6000000000000001        -0.6999999999999997      1187876.0922000192
0.7000000000000001        -0.6999999999999997      1227650.644221327
0.8                       -0.6999999999999997      1271221.5286295004
0.9000000000000001        -0.6999999999999997      1321913.808099772
1                         -0.6999999999999997      1376153.2784031315
1.1                       -0.6999999999999997      1431597.7061473918
1.2000000000000002        -0.6999999999999997      1494180.060251575
1.3000000000000003        -0.6999999999999997      1558357.9992620447
1.4000000000000001        -0.6999999999999997      1626523.3963161202
1.5                       -0.6999999999999997      1696141.34286716
1.6                       -0.6999999999999997      1769283.1502968108
1.7000000000000002        -0.6999999999999997      1844755.4643473641
1.8000000000000003        -0.6999999999999997      1945746.2503916249
1.9000000000000001        -0.6999999999999997      2045608.2849637782
2                         -0.6999999999999997      2183509.1888184254
0                         -0.5999999999999996      927703.6870070705
0.1                       -0.5999999999999996      932421.3644632513
0.2                       -0.5999999999999996      943755.9829198491
0.30000000000000004       -0.5999999999999996      962074.6648934259
0.4                       -0.5999999999999996      988015.3725113886
0.5                       -0.5999999999999996      1020315.423803849
0.6000000000000001        -0.5999999999999996      1059435.187281315
0.7000000000000001        -0.5999999999999996      1104715.504694322
0.8                       -0.5999999999999996      1155971.1546091158
0.9000000000000001        -0.5999999999999996      1213471.3407576426
1                         -0.5999999999999996      1275713.280567959
1.1                       -0.5999999999999996      1345999.7454089439
1.2000000000000002        -0.5999999999999996      1420490.1094182925
1.3000000000000003        -0.5999999999999996      1500326.2157175078
1.4000000000000001        -0.5999999999999996      1595389.4478505414
1.5                       -0.5999999999999996      1698568.1400223244
1.6                       -0.5999999999999996      1802759.443276235
1.7000000000000002        -0.5999999999999996      1933085.9482746404
1.8000000000000003        -0.5999999999999996      2099952.3122186447
1.9000000000000001        -0.5999999999999996      2278754.1923181014
2                         -0.5999999999999996      2494540.546174747
0                         -0.5                     780153.0522530879
0.1                       -0.5                     785141.2126667213
0.2                       -0.5                     797818.9196416022
0.30000000000000004       -0.5                     819573.454041531
0.4                       -0.5                     849655.8855571696
0.5                       -0.5                     886274.4196711949
0.6000000000000001        -0.5                     931798.1360652929
0.7000000000000001        -0.5                     983723.8981888354
0.8                       -0.5                     1040892.1222888773
0.9000000000000001        -0.5                     1107677.554195043
1                         -0.5                     1180203.778510481
1.1                       -0.5                     1257488.5798801524
1.2000000000000002        -0.5                     1349622.3730870695
1.3000000000000003        -0.5                     1449019.929358929
1.4000000000000001        -0.5                     1565965.431144901
1.5                       -0.5                     1690279.6890077086
1.6                       -0.5                     1841669.6120315176
1.7000000000000002        -0.5                     2028074.520434725
1.8000000000000003        -0.5                     2265708.0193853118
1.9000000000000001        -0.5                     2527782.190147661
2                         -0.5                     2846206.28784305
0                         -0.3999999999999999      630215.469304456
0.1                       -0.3999999999999999      634284.0841306014
0.2                       -0.3999999999999999      650270.572486579
0.30000000000000004       -0.3999999999999999      676049.8163091753
0.4                       -0.3999999999999999      711561.6140070618
0.5                       -0.3999999999999999      754962.062316877
0.6000000000000001        -0.3999999999999999      807025.4014566266
0.7000000000000001        -0.3999999999999999      866117.479132102
0.8                       -0.3999999999999999      931533.0470007042
0.9000000000000001        -0.3999999999999999      1006165.0920722866
1                         -0.3999999999999999      1086439.9253351497
1.1                       -0.3999999999999999      1177289.1695954283
1.2000000000000002        -0.3999999999999999      1278743.4080743191
1.3000000000000003        -0.3999999999999999      1393898.4986356937
1.4000000000000001        -0.3999999999999999      1527903.8096952955
1.5                       -0.3999999999999999      1675190.043459899
1.6                       -0.3999999999999999      1860410.3865553236
1.7000000000000002        -0.3999999999999999      2098003.85822708
1.8000000000000003        -0.3999999999999999      2390604.7185830665
1.9000000000000001        -0.3999999999999999      2723916.808757778
2                         -0.3999999999999999      3230017.39035438
0                         -0.2999999999999998      474302.6708618189
0.1                       -0.2999999999999998      481656.54131861555
0.2                       -0.2999999999999998      501687.1888154956
0.30000000000000004       -0.2999999999999998      534210.2174020834
0.4                       -0.2999999999999998      577681.5661220251
0.5                       -0.2999999999999998      629499.1579596968
0.6000000000000001        -0.2999999999999998      690061.2039880734
0.7000000000000001        -0.2999999999999998      757734.1302590142
0.8                       -0.2999999999999998      831660.0961002314
0.9000000000000001        -0.2999999999999998      914249.3165739726
1                         -0.2999999999999998      1003130.9294301973
1.1                       -0.2999999999999998      1102791.9436330863
1.2000000000000002        -0.2999999999999998      1215032.1309226002
1.3000000000000003        -0.2999999999999998      1337782.7202919251
1.4000000000000001        -0.2999999999999998      1479350.8951803565
1.5                       -0.2999999999999998      1667556.4575301853
1.6                       -0.2999999999999998      1872009.9811961171
1.7000000000000002        -0.2999999999999998      2137582.3555590454
1.8000000000000003        -0.2999999999999998      2505157.819695638
1.9000000000000001        -0.2999999999999998      2986740.4761466114
2                         -0.2999999999999998      3593948.063076007
0                         -0.19999999999999973     317270.7670327212
0.1                       -0.19999999999999973     327799.37388181826
0.2                       -0.19999999999999973     356433.8294235809
0.30000000000000004       -0.19999999999999973     400134.6004438298
0.4                       -0.19999999999999973     455321.51844412787
0.5                       -0.19999999999999973     518153.8622860835
0.6000000000000001        -0.19999999999999973     589736.8418267897
0.7000000000000001        -0.19999999999999973     666691.0600460096
0.8                       -0.19999999999999973     747546.124732968
0.9000000000000001        -0.19999999999999973     839211.6607548004
1                         -0.19999999999999973     935815.2332629992
1.1                       -0.19999999999999973     1041752.9816772221
1.2000000000000002        -0.19999999999999973     1161676.5651988958
1.3000000000000003        -0.19999999999999973     1305145.4448396883
1.4000000000000001        -0.19999999999999973     1461356.990320624
1.5                       -0.19999999999999973     1637755.2314114864
1.6                       -0.19999999999999973     1889929.48617246
1.7000000000000002        -0.19999999999999973     2184037.18514303
1.8000000000000003        -0.19999999999999973     2595124.930408412
1.9000000000000001        -0.19999999999999973     3138494.5286566103
2                         -0.19999999999999973     3923750.6690735756
0                         -0.09999999999999966     159222.75073416697
0.1                       -0.09999999999999966     178357.83681077792
0.2                       -0.09999999999999966     226126.24107429443
0.30000000000000004       -0.09999999999999966     289049.394318439
0.4                       -0.09999999999999966     360802.78887061024
0.5                       -0.09999999999999966     437630.2334520881
0.6000000000000001        -0.09999999999999966     517982.8428880743
0.7000000000000001        -0.09999999999999966     603032.1213963182
0.8                       -0.09999999999999966     693108.7378186041
0.9000000000000001        -0.09999999999999966     788487.1970663625
1                         -0.09999999999999966     887146.7468109959
1.1                       -0.09999999999999966     1003982.703899277
1.2000000000000002        -0.09999999999999966     1126207.4960707517
1.3000000000000003        -0.09999999999999966     1263807.6080184137
1.4000000000000001        -0.09999999999999966     1438607.5532854479
1.5                       -0.09999999999999966     1634795.5221731046
1.6                       -0.09999999999999966     1898414.4251622655
1.7000000000000002        -0.09999999999999966     2208277.232743297
1.8000000000000003        -0.09999999999999966     2651540.2139026583
1.9000000000000001        -0.09999999999999966     3270853.198744128
2                         -0.09999999999999966     4220752.249571407
0                         0                        235.07646029666637
0.1                       0                        79826.33425259843
0.2                       0                        159804.60584303082
0.30000000000000004       0                        240963.2687795278
0.4                       0                        322922.7592266655
0.5                       0                        405278.11197158374
0.6000000000000001        0                        492331.61822284287
0.7000000000000001        0                        581063.1947512431
0.8                       0                        670680.1367079018
0.9000000000000001        0                        771005.6192283467
1                         0                        876333.8168176061
1.1                       0                        986249.7995750206
1.2000000000000002        0                        1115158.0123420586
1.3000000000000003        0                        1255004.4294986492
1.4000000000000001        0                        1422351.4485460715
1.5                       0                        1623778.4945106665
1.6                       0                        1885294.81236724
1.7000000000000002        0                        2211589.6832600185
1.8000000000000003        0                        2668986.6273629908
1.9000000000000001        0                        3325512.400930546
2                         0                        2.086162567138672E-7
0                         0.10000000000000009      159224.11844454537
0.1                       0.10000000000000009      178359.15125882477
0.2                       0.10000000000000009      226119.6000857966
0.30000000000000004       0.10000000000000009      289045.307963643
0.4                       0.10000000000000009      360812.57002291805
0.5                       0.10000000000000009      437562.6134138734
0.6000000000000001        0.10000000000000009      517932.65864768554
0.7000000000000001        0.10000000000000009      603119.341704603
0.8                       0.10000000000000009      693929.250055333
0.9000000000000001        0.10000000000000009      788093.945415766
1                         0.10000000000000009      888803.9796527234
1.1                       0.10000000000000009      1007879.3346518383
1.2000000000000002        0.10000000000000009      1128148.1268130417
1.3000000000000003        0.10000000000000009      1270420.1622349387
1.4000000000000001        0.10000000000000009      1429401.0846547799
1.5                       0.10000000000000009      1634503.4458442458
1.6                       0.10000000000000009      1889849.194293158
1.7000000000000002        0.10000000000000009      2212371.424804129
1.8000000000000003        0.10000000000000009      2649060.9823087864
1.9000000000000001        0.10000000000000009      3281628.824795594
2                         0.10000000000000009      4192857.6366320895
0                         0.20000000000000018      317272.8659396182
0.1                       0.20000000000000018      327799.3810192577
0.2                       0.20000000000000018      356439.0558590666
0.30000000000000004       0.20000000000000018      400131.6329183464
0.4                       0.20000000000000018      455297.13930367515
0.5                       0.20000000000000018      518234.8588227431
0.6000000000000001        0.20000000000000018      589731.0059258061
0.7000000000000001        0.20000000000000018      666528.6485090554
0.8                       0.20000000000000018      747331.4103947885
0.9000000000000001        0.20000000000000018      839286.8576126817
1                         0.20000000000000018      936192.1647674935
1.1                       0.20000000000000018      1039544.2298739101
1.2000000000000002        0.20000000000000018      1163731.1870193393
1.3000000000000003        0.20000000000000018      1293735.7590340828
1.4000000000000001        0.20000000000000018      1453212.1814684775
1.5                       0.20000000000000018      1650635.2232572658
1.6                       0.20000000000000018      1889803.0327878962
1.7000000000000002        0.20000000000000018      2188158.964631551
1.8000000000000003        0.20000000000000018      2581218.69118682
1.9000000000000001        0.20000000000000018      3138308.8292562636
2                         0.20000000000000018      3966866.6211910094
0                         0.3000000000000003       474302.38398839044
0.1                       0.3000000000000003       481655.90236853
0.2                       0.3000000000000003       501688.6148358146
0.30000000000000004       0.3000000000000003       534201.3147179992
0.4                       0.3000000000000003       577686.4863055756
0.5                       0.3000000000000003       629464.4840881672
0.6000000000000001        0.3000000000000003       689989.8632729076
0.7000000000000001        0.3000000000000003       757848.5353046901
0.8                       0.3000000000000003       835178.6258476877
0.9000000000000001        0.3000000000000003       914015.696105862
1                         0.3000000000000003       1004319.3070141408
1.1                       0.3000000000000003       1109204.8336241525
1.2000000000000002        0.3000000000000003       1217187.1835755818
1.3000000000000003        0.3000000000000003       1348413.7404144988
1.4000000000000001        0.3000000000000003       1490342.7046174074
1.5                       0.3000000000000003       1670277.0149911067
1.6                       0.3000000000000003       1883130.3877709084
1.7000000000000002        0.3000000000000003       2146414.153309246
1.8000000000000003        0.3000000000000003       2482333.2064915774
1.9000000000000001        0.3000000000000003       2978409.135462939
2                         0.3000000000000003       3624115.902517598
0                         0.40000000000000036      630214.350648698
0.1                       0.40000000000000036      634283.2646019197
0.2                       0.40000000000000036      650273.7922627466
0.30000000000000004       0.40000000000000036      676038.9495654737
0.4                       0.40000000000000036      711557.3995669294
0.5                       0.40000000000000036      755037.6609474209
0.6000000000000001        0.40000000000000036      806970.9723280217
0.7000000000000001        0.40000000000000036      866112.7744066548
0.8                       0.40000000000000036      931326.7114687994
0.9000000000000001        0.40000000000000036      1005983.0623999613
1                         0.40000000000000036      1087526.7051350856
1.1                       0.40000000000000036      1176570.2683554913
1.2000000000000002        0.40000000000000036      1280213.8996574816
1.3000000000000003        0.40000000000000036      1392556.811493957
1.4000000000000001        0.40000000000000036      1519817.9399146321
1.5                       0.40000000000000036      1679095.5349839034
1.6                       0.40000000000000036      1866772.4494498763
1.7000000000000002        0.40000000000000036      2101184.250080887
1.8000000000000003        0.40000000000000036      2405288.2155047073
1.9000000000000001        0.40000000000000036      2756220.272045022
2                         0.40000000000000036      3214631.4745763754
0                         0.5                      780151.0531646961
0.1                       0.5                      785138.4533962421
0.2                       0.5                      797830.6835182478
0.30000000000000004       0.5                      819561.0472768347
0.4                       0.5                      849649.6707414095
0.5                       0.5                      886340.276471264
0.6000000000000001        0.5                      931758.9369342632
0.7000000000000001        0.5                      983739.4993102935
0.8                       0.5                      1042334.9848202901
0.9000000000000001        0.5                      1107696.6451706837
1                         0.5                      1180408.7483748987
1.1                       0.5                      1264451.9776050183
1.2000000000000002        0.5                      1352641.888020183
1.3000000000000003        0.5                      1453869.7959124674
1.4000000000000001        0.5                      1562892.6457624577
1.5                       0.5                      1691186.6263650018
1.6                       0.5                      1844917.7427222496
1.7000000000000002        0.5                      2016635.973864944
1.8000000000000003        0.5                      2242279.3551083263
1.9000000000000001        0.5                      2519647.041808376
2                         0.5                      2848527.2340333653
0                         0.6000000000000001       927712.4307132697
0.1                       0.6000000000000001       932420.1989684238
0.2                       0.6000000000000001       943758.0201731484
0.30000000000000004       0.6000000000000001       962061.2365774956
0.4                       0.6000000000000001       988022.5201501141
0.5                       0.6000000000000001       1020358.8408349636
0.6000000000000001        0.6000000000000001       1059366.4975833434
0.7000000000000001        0.6000000000000001       1104846.9812760195
0.8                       0.6000000000000001       1156347.1772010287
0.9000000000000001        0.6000000000000001       1212957.9966039744
1                         0.6000000000000001       1277637.7622618342
1.1                       0.6000000000000001       1346168.7678701251
1.2000000000000002        0.6000000000000001       1418623.0746495302
1.3000000000000003        0.6000000000000001       1502625.781105225
1.4000000000000001        0.6000000000000001       1594902.5256308084
1.5                       0.6000000000000001       1688898.4341837242
1.6                       0.6000000000000001       1809638.4244618819
1.7000000000000002        0.6000000000000001       1936954.3967183367
1.8000000000000003        0.6000000000000001       2101103.24692887
1.9000000000000001        0.6000000000000001       2281500.251578444
2                         0.6000000000000001       2504739.4223301797
0                         0.7000000000000002       1073084.7599338272
0.1                       0.7000000000000002       1076979.5385368448
0.2                       0.7000000000000002       1086261.2642915738
0.30000000000000004       0.7000000000000002       1102563.0489145524
0.4                       0.7000000000000002       1125283.7896778977
0.5                       0.7000000000000002       1153008.060551967
0.6000000000000001        0.7000000000000002       1187860.9433671425
0.7000000000000001        0.7000000000000002       1227625.8127795043
0.8                       0.7000000000000002       1273398.2219266733
0.9000000000000001        0.7000000000000002       1322117.909620846
1                         0.7000000000000002       1375626.3314800381
1.1                       0.7000000000000002       1436092.4086053928
1.2000000000000002        0.7000000000000002       1498778.0015722334
1.3000000000000003        0.7000000000000002       1565996.6258042087
1.4000000000000001        0.7000000000000002       1626209.2550833954
1.5                       0.7000000000000002       1698818.8452527346
1.6                       0.7000000000000002       1764283.2134824104
1.7000000000000002        0.7000000000000002       1854333.519192522
1.8000000000000003        0.7000000000000002       1947928.5280888234
1.9000000000000001        0.7000000000000002       2050599.095894585
2                         0.7000000000000002       2167427.572613744
0                         0.8000000000000003       1213577.1823642873
0.1                       0.8000000000000003       1217419.912260258
0.2                       0.8000000000000003       1226152.8481367652
0.30000000000000004       0.8000000000000003       1240193.7324324802
0.4                       0.8000000000000003       1260232.9549789734
0.5                       0.8000000000000003       1285170.451968868
0.6000000000000001        0.8000000000000003       1315166.1479660326
0.7000000000000001        0.8000000000000003       1349820.7378892754
0.8                       0.8000000000000003       1388902.577565354
0.9000000000000001        0.8000000000000003       1430593.9503223193
1                         0.8000000000000003       1476090.1181689377
1.1                       0.8000000000000003       1523801.0680160616
1.2000000000000002        0.8000000000000003       1566179.4963564964
1.3000000000000003        0.8000000000000003       1616871.4442911746
1.4000000000000001        0.8000000000000003       1662031.1345408002
1.5                       0.8000000000000003       1702077.6565541322
1.6                       0.8000000000000003       1740948.537219287
1.7000000000000002        0.8000000000000003       1761365.1080412087
1.8000000000000003        0.8000000000000003       1794020.2815468407
1.9000000000000001        0.8000000000000003       1831295.951711935
2                         0.8000000000000003       1884713.4495819702
0                         0.9000000000000004       1351806.3065565429
0.1                       0.9000000000000004       1354993.5735796744
0.2                       0.9000000000000004       1362224.9891178103
0.30000000000000004       0.9000000000000004       1375067.5418041488
0.4                       0.9000000000000004       1392920.7062402798
0.5                       0.9000000000000004       1414629.2835398251
0.6000000000000001        0.9000000000000004       1441553.964596665
0.7000000000000001        0.9000000000000004       1471922.8841990686
0.8                       0.9000000000000004       1506229.6267522287
0.9000000000000001        0.9000000000000004       1541203.0598749039
1                         0.9000000000000004       1578389.294125776
1.1                       0.9000000000000004       1615170.473763531
1.2000000000000002        0.9000000000000004       1649639.2480241784
1.3000000000000003        0.9000000000000004       1680597.0902791305
1.4000000000000001        0.9000000000000004       1700745.3554880305
1.5                       0.9000000000000004       1707181.1713683843
1.6                       0.9000000000000004       1707821.075236104
1.7000000000000002        0.9000000000000004       1693744.6396468496
1.8000000000000003        0.9000000000000004       1660026.5084581901
1.9000000000000001        0.9000000000000004       1620574.679186572
2                         0.9000000000000004       1601327.719791818
0                         1                        1485241.397667434
0.1                       1                        1488496.341322424
0.2                       1                        1495551.965545929
0.30000000000000004       1                        1506866.9349302833
0.4                       1                        1522941.4597097726
0.5                       1                        1542757.0383435248
0.6000000000000001        1                        1566491.744395983
0.7000000000000001        1                        1593195.0679582031
0.8                       1                        1622585.6456897482
0.9000000000000001        1                        1653053.6932928525
1                         1                        1682521.2330726772
1.1                       1                        1712806.5314625413
1.2000000000000002        1                        1736595.3722041706
1.3000000000000003        1                        1743239.947028105
1.4000000000000001        1                        1759434.838542155
1.5                       1                        1744537.6913902406
1.6                       1                        1689101.6661945137
1.7000000000000002        1                        1639161.3616696196
1.8000000000000003        1                        1544233.3361691853
1.9000000000000001        1                        1434129.178209162
2                         1                        1343583.4506438293
0                         1.1000000000000005       1616445.3377524854
0.1                       1.1000000000000005       1619201.6010459426
0.2                       1.1000000000000005       1625169.200840364
0.30000000000000004       1.1000000000000005       1635847.1559469632
0.4                       1.1000000000000005       1650631.6221426665
0.5                       1.1000000000000005       1668630.1266421543
0.6000000000000001        1.1000000000000005       1690307.5385466535
0.7000000000000001        1.1000000000000005       1714508.4315672454
0.8                       1.1000000000000005       1740590.9934613875
0.9000000000000001        1.1000000000000005       1767136.3803604979
1                         1.1000000000000005       1793495.0348184651
1.1                       1.1000000000000005       1816181.6285439339
1.2000000000000002        1.1000000000000005       1829156.4781252542
1.3000000000000003        1.1000000000000005       1840656.9126046652
1.4000000000000001        1.1000000000000005       1832288.9308475659
1.5                       1.1000000000000005       1789198.6522209556
1.6                       1.1000000000000005       1733718.7917706151
1.7000000000000002        1.1000000000000005       1628965.070631492
1.8000000000000003        1.1000000000000005       1461247.8476426108
1.9000000000000001        1.1000000000000005       1269023.9411731402
2                         1.1000000000000005       1088665.7662798571
0                         1.2000000000000002       1742863.6423371183
0.1                       1.2000000000000002       1745853.6776080863
0.2                       1.2000000000000002       1751977.9661360176
0.30000000000000004       1.2000000000000002       1761785.4503551028
0.4                       1.2000000000000002       1775705.6390689218
0.5                       1.2000000000000002       1792644.7391195411
0.6000000000000001        1.2000000000000002       1813097.592288291
0.7000000000000001        1.2000000000000002       1835843.495138753
0.8                       1.2000000000000002       1860043.6120810015
0.9000000000000001        1.2000000000000002       1884848.8986761328
1                         1.2000000000000002       1908293.6373233343
1.1                       1.2000000000000002       1927974.7713954428
1.2000000000000002        1.2000000000000002       1942550.835224335
1.3000000000000003        1.2000000000000002       1945463.2015028696
1.4000000000000001        1.2000000000000002       1928807.6266018504
1.5                       1.2000000000000002       1884449.7819805867
1.6                       1.2000000000000002       1818251.2807001849
1.7000000000000002        1.2000000000000002       1678409.559881147
1.8000000000000003        1.2000000000000002       1462481.064767382
1.9000000000000001        1.2000000000000002       1152619.2411585506
2                         1.2000000000000002       818228.6839881733
0                         1.3                      1866932.4843960784
0.1                       1.3                      1869571.3473200386
0.2                       1.3                      1874920.9955683844
0.30000000000000004       1.3                      1884683.4835536545
0.4                       1.3                      1898223.4833291403
0.5                       1.3                      1914776.0809475873
0.6000000000000001        1.3                      1934554.200408609
0.7000000000000001        1.3                      1956654.0930505218
0.8                       1.3                      1981177.5175877223
0.9000000000000001        1.3                      2005677.7217964863
1                         1.3                      2030400.0854189035
1.1                       1.3                      2050491.628414675
1.2000000000000002        1.3                      2065399.0945908937
1.3000000000000003        1.3                      2068215.2124582527
1.4000000000000001        1.3                      2059405.9308643916
1.5                       1.3                      2034993.8979878367
1.6                       1.3                      1961732.9383802009
1.7000000000000002        1.3                      1827814.6021769922
1.8000000000000003        1.3                      1599296.208699983
1.9000000000000001        1.3                      1261337.7561578234
2                         1.3                      677701.6415589801
0                         1.4000000000000004       1985631.0878184051
0.1                       1.4000000000000004       1988737.6059446672
0.2                       1.4000000000000004       1994644.0315164567
0.30000000000000004       1.4000000000000004       2004074.285700032
0.4                       1.4000000000000004       2017645.597323643
0.5                       1.4000000000000004       2034056.8020004614
0.6000000000000001        1.4000000000000004       2054425.7195304066
0.7000000000000001        1.4000000000000004       2077546.6637783698
0.8                       1.4000000000000004       2102104.8432593243
0.9000000000000001        1.4000000000000004       2128600.1563719944
1                         1.4000000000000004       2155016.9456861247
1.1                       1.4000000000000004       2179959.297174593
1.2000000000000002        1.4000000000000004       2206231.4612710318
1.3000000000000003        1.4000000000000004       2220526.100140859
1.4000000000000001        1.4000000000000004       2228364.912331497
1.5                       1.4000000000000004       2219913.5403460455
1.6                       1.4000000000000004       2177044.701933018
1.7000000000000002        1.4000000000000004       2127252.9048068887
1.8000000000000003        1.4000000000000004       1970792.530823698
1.9000000000000001        1.4000000000000004       1747323.483592062
2                         1.4000000000000004       1468209.6896860665
0                         1.5                      2101548.7367405137
0.1                       1.5                      2104377.4312745556
0.2                       1.5                      2109637.156967171
0.30000000000000004       1.5                      2119616.2861116915
0.4                       1.5                      2133601.7876845524
0.5                       1.5                      2150524.2138162507
0.6000000000000001        1.5                      2171817.4277081145
0.7000000000000001        1.5                      2195872.17359501
0.8                       1.5                      2223275.427913994
0.9000000000000001        1.5                      2253780.7173837177
1                         1.5                      2284439.9216720494
1.1                       1.5                      2318787.9816361046
1.2000000000000002        1.5                      2350277.5268255677
1.3000000000000003        1.5                      2384052.9909809628
1.4000000000000001        1.5                      2415927.8129008766
1.5                       1.5                      2437668.0569562917
1.6                       1.5                      2448688.438940767
1.7000000000000002        1.5                      2475097.365711105
1.8000000000000003        1.5                      2500021.5561134256
1.9000000000000001        1.5                      2593458.4472608464
2                         1.5                      0
0                         1.6000000000000005       2210736.5104372874
0.1                       1.6000000000000005       2214278.2947631874
0.2                       1.6000000000000005       2220526.7960817777
0.30000000000000004       1.6000000000000005       2230438.519029395
0.4                       1.6000000000000005       2245058.423852363
0.5                       1.6000000000000005       2262859.1612734385
0.6000000000000001        1.6000000000000005       2285666.6279492755
0.7000000000000001        1.6000000000000005       2312109.452955972
0.8                       1.6000000000000005       2341841.334452497
0.9000000000000001        1.6000000000000005       2376543.769451284
1                         1.6000000000000005       2414379.4447630458
1.1                       1.6000000000000005       2457733.7630121815
1.2000000000000002        1.6000000000000005       2505595.3503138763
1.3000000000000003        1.6000000000000005       2553233.804779117
1.4000000000000001        1.6000000000000005       2617242.709904385
1.5                       1.6000000000000005       2672081.3765814505
1.6                       1.6000000000000005       2766969.1561873374
1.7000000000000002        1.6000000000000005       2888444.8668203307
1.8000000000000003        1.6000000000000005       3092822.21046564
1.9000000000000001        1.6000000000000005       3530893.9802278043
2                         1.6000000000000005       4489802.395336492
0                         1.7000000000000002       2316410.2172802202
0.1                       1.7000000000000002       2319624.349613875
0.2                       1.7000000000000002       2325122.6984386803
0.30000000000000004       1.7000000000000002       2336016.845534661
0.4                       1.7000000000000002       2351501.4970565233
0.5                       1.7000000000000002       2369844.652039068
0.6000000000000001        1.7000000000000002       2394739.503962069
0.7000000000000001        1.7000000000000002       2423350.1875383905
0.8                       1.7000000000000002       2456250.9300797456
0.9000000000000001        1.7000000000000002       2495966.574051911
1                         1.7000000000000002       2539536.2326164613
1.1                       1.7000000000000002       2594456.894782033
1.2000000000000002        1.7000000000000002       2652614.8281106562
1.3000000000000003        1.7000000000000002       2725502.052981958
1.4000000000000001        1.7000000000000002       2815760.498296759
1.5                       1.7000000000000002       2917014.662035145
1.6                       1.7000000000000002       3081133.2703868076
1.7000000000000002        1.7000000000000002       3268938.8813787564
1.8000000000000003        1.7000000000000002       3603080.881126359
1.9000000000000001        1.7000000000000002       4214478.99861825
2                         1.7000000000000002       5324317.119609057
0                         1.8000000000000007       2413481.620948948
0.1                       1.8000000000000007       2417582.1557377633
0.2                       1.8000000000000007       2424411.647305257
0.30000000000000004       1.8000000000000007       2435149.13270638
0.4                       1.8000000000000007       2451391.47834715
0.5                       1.8000000000000007       2471382.300035024
0.6000000000000001        1.8000000000000007       2497433.7375616217
0.7000000000000001        1.8000000000000007       2528296.066133223
0.8                       1.8000000000000007       2564573.279759815
0.9000000000000001        1.8000000000000007       2609192.0301532224
1                         1.8000000000000007       2656339.616453654
1.1                       1.8000000000000007       2720616.9536475507
1.2000000000000002        1.8000000000000007       2796975.0816991483
1.3000000000000003        1.8000000000000007       2882070.7515886766
1.4000000000000001        1.8000000000000007       2989422.3931730646
1.5                       1.8000000000000007       3143196.6748193526
1.6                       1.8000000000000007       3314130.440676804
1.7000000000000002        1.8000000000000007       3574634.250854605
1.8000000000000003        1.8000000000000007       3984879.3883663393
1.9000000000000001        1.8000000000000007       4604455.938234766
2                         1.8000000000000007       5610372.002991993
0                         1.9000000000000004       2506186.730158281
0.1                       1.9000000000000004       2509794.425486185
0.2                       1.9000000000000004       2515587.1629693457
0.30000000000000004       1.9000000000000004       2527452.6135097817
0.4                       1.9000000000000004       2544488.8304785346
0.5                       1.9000000000000004       2564355.26943724
0.6000000000000001        1.9000000000000004       2592750.3838727553
0.7000000000000001        1.9000000000000004       2625810.002217175
0.8                       1.9000000000000004       2663579.2415578477
0.9000000000000001        1.9000000000000004       2712623.5785658546
1                         1.9000000000000004       2768542.8548219153
1.1                       1.9000000000000004       2835598.846547749
1.2000000000000002        1.9000000000000004       2917123.193246097
1.3000000000000003        1.9000000000000004       3018024.7696892344
1.4000000000000001        1.9000000000000004       3145740.02211446
1.5                       1.9000000000000004       3304498.0627977797
1.6                       1.9000000000000004       3510465.3499447764
1.7000000000000002        1.9000000000000004       3795046.1815315792
1.8000000000000003        1.9000000000000004       4197428.591267665
1.9000000000000001        1.9000000000000004       4743685.619442596
2                         1.9000000000000004       5525178.159405989
0                         2                        2588477.50567287
0.1                       2                        2593017.828803388
0.2                       2                        2600288.1142096496
0.30000000000000004       2                        2611624.4626372666
0.4                       2                        2629081.898517744
0.5                       2                        2650681.256903955
0.6000000000000001        2                        2678936.305946012
0.7000000000000001        2                        2712910.831965337
0.8                       2                        2753671.2789973724
0.9000000000000001        2                        2804545.7067050342
1                         2                        2861499.450862975
1.1                       2                        2935647.2139117015
1.2000000000000002        2                        3024300.2286688373
1.3000000000000003        2                        3123142.3453482063
1.4000000000000001        2                        3265251.923894297
1.5                       2                        3436438.233909459
1.6                       2                        3670285.0841544196
1.7000000000000002        2                        3950210.9652042263
1.8000000000000003        2                        4296972.262239112
1.9000000000000001        2                        4737154.3402101165
2                         2                        5317739.525305295
0                         2.1000000000000005       2665704.2000566367
0.1                       2.1000000000000005       2669533.3326688437
0.2                       2.1000000000000005       2675419.799241691
0.30000000000000004       2.1000000000000005       2687722.5704806605
0.4                       2.1000000000000005       2705452.7061230293
0.5                       2.1000000000000005       2725949.922212289
0.6000000000000001        2.1000000000000005       2755872.7102063936
0.7000000000000001        2.1000000000000005       2790780.7841371135
0.8                       2.1000000000000005       2830238.945144345
0.9000000000000001        2.1000000000000005       2883308.0640125964
1                         2.1000000000000005       2943597.4072750593
1.1                       2.1000000000000005       3014140.1963014756
1.2000000000000002        2.1000000000000005       3106251.0836394266
1.3000000000000003        2.1000000000000005       3214247.143532164
1.4000000000000001        2.1000000000000005       3344157.4510628213
1.5                       2.1000000000000005       3515597.026444256
1.6                       2.1000000000000005       3724654.634007051
1.7000000000000002        2.1000000000000005       3987590.280775259
1.8000000000000003        2.1000000000000005       4323158.121868923
1.9000000000000001        2.1000000000000005       4688164.368379549
2                         2.1000000000000005       5092862.551478678
0                         2.2                      2731353.693246109
0.1                       2.2                      2736034.0105547514
0.2                       2.2                      2743332.4684876176
0.30000000000000004       2.2                      2754635.3642980093
0.4                       2.2                      2772169.378002944
0.5                       2.2                      2793817.941960273
0.6000000000000001        2.2                      2822040.007438952
0.7000000000000001        2.2                      2856141.448088195
0.8                       2.2                      2896901.36604748
0.9000000000000001        2.2                      2947635.973056092
1                         2.2                      3004787.2938121203
1.1                       2.2                      3078030.2081830148
1.2000000000000002        2.2                      3165391.747143527
1.3000000000000003        2.2                      3275649.124533823
1.4000000000000001        2.2                      3399770.252237421
1.5                       2.2                      3561355.854801992
1.6                       2.2                      3742719.636509279
1.7000000000000002        2.2                      3988952.205970067
1.8000000000000003        2.2                      4269325.683519949
1.9000000000000001        2.2                      4609528.390544195
2                         2.2                      4939951.980903361
0                         2.3000000000000007       2791608.4320420823
0.1                       2.3000000000000007       2795394.41783399
0.2                       2.3000000000000007       2801055.744950779
0.30000000000000004       2.3000000000000007       2812969.748512856
0.4                       2.3000000000000007       2830108.001303766
0.5                       2.3000000000000007       2849841.9143769983
0.6000000000000001        2.3000000000000007       2878455.1144784475
0.7000000000000001        2.3000000000000007       2911656.9778741915
0.8                       2.3000000000000007       2948776.4476213674
0.9000000000000001        2.3000000000000007       2998307.1501324386
1                         2.3000000000000007       3054251.2489350457
1.1                       2.3000000000000007       3127216.4646196673
1.2000000000000002        2.3000000000000007       3200604.961102502
1.3000000000000003        2.3000000000000007       3299103.0632277564
1.4000000000000001        2.3000000000000007       3415677.311373815
1.5                       2.3000000000000007       3554524.8758221804
1.6                       2.3000000000000007       3737997.0037923
1.7000000000000002        2.3000000000000007       3959282.148660129
1.8000000000000003        2.3000000000000007       4209436.484502127
1.9000000000000001        2.3000000000000007       4499345.239274391
2                         2.3000000000000007       4807714.948407907
0                         2.4000000000000004       2840080.800964868
0.1                       2.4000000000000004       2844563.5873610326
0.2                       2.4000000000000004       2851432.7472194107
0.30000000000000004       2.4000000000000004       2862007.2302694307
0.4                       2.4000000000000004       2878373.1023519994
0.5                       2.4000000000000004       2898406.734961169
0.6000000000000001        2.4000000000000004       2924214.101254474
0.7000000000000001        2.4000000000000004       2955073.07942457
0.8                       2.4000000000000004       2991300.6837921594
0.9000000000000001        2.4000000000000004       3035720.8932729387
1                         2.4000000000000004       3083442.0927183195
1.1                       2.4000000000000004       3145337.488528308
1.2000000000000002        2.4000000000000004       3218198.127930661
1.3000000000000003        2.4000000000000004       3302471.276025323
1.4000000000000001        2.4000000000000004       3394233.764396852
1.5                       2.4000000000000004       3529875.1704064733
1.6                       2.4000000000000004       3669724.271958408
1.7000000000000002        2.4000000000000004       3862834.9946141248
1.8000000000000003        2.4000000000000004       4101315.93360291
1.9000000000000001        2.4000000000000004       4394353.648558491
2                         2.4000000000000004       4705838.476710541
0                         2.5                      2883235.145758296
0.1                       2.5                      2886753.4649689156
0.2                       2.5                      2891930.9734369237
0.30000000000000004       2.5                      2902763.7562613823
0.4                       2.5                      2918258.21916444
0.5                       2.5                      2936076.0933136526
0.6000000000000001        2.5                      2961053.896599881
0.7000000000000001        2.5                      2989696.651068995
0.8                       2.5                      3021262.6960886726
0.9000000000000001        2.5                      3061267.392415125
1                         2.5                      3105616.3427306684
1.1                       2.5                      3155867.9037357573
1.2000000000000002        2.5                      3210713.62336245
1.3000000000000003        2.5                      3280741.5276490054
1.4000000000000001        2.5                      3359358.0321677625
1.5                       2.5                      3453121.613349388
1.6                       2.5                      3593953.6008502548
1.7000000000000002        2.5                      3732195.6300549046
1.8000000000000003        2.5                      3954328.885271776
1.9000000000000001        2.5                      4247745.890439411
2                         2.5                      4632075.6599861765
0                         2.6000000000000005       2920644.803704574
0.1                       2.6000000000000005       2919313.253652748
0.2                       2.6000000000000005       2925486.856268322
0.30000000000000004       2.6000000000000005       2934935.8741629766
0.4                       2.6000000000000005       2949405.8922983385
0.5                       2.6000000000000005       2966855.140511802
0.6000000000000001        2.6000000000000005       2988907.3099758397
0.7000000000000001        2.6000000000000005       3014624.1418608795
0.8                       2.6000000000000005       3043620.843398881
0.9000000000000001        2.6000000000000005       3077750.3898261073
1                         2.6000000000000005       3112793.8254050375
1.1                       2.6000000000000005       3154038.2825050955
1.2000000000000002        2.6000000000000005       3200596.156189729
1.3000000000000003        2.6000000000000005       3248913.1328674215
1.4000000000000001        2.6000000000000005       3298498.1261941516
1.5                       2.6000000000000005       3360189.1975697135
1.6                       2.6000000000000005       3438301.650827584
1.7000000000000002        2.6000000000000005       3531939.1177557255
1.8000000000000003        2.6000000000000005       3734253.2660206
1.9000000000000001        2.6000000000000005       4028847.0384146515
2                         2.6000000000000005       4525182.469921727
0                         2.7                      2942262.8302302966
0.1                       2.7                      2945438.9589534826
0.2                       2.7                      2950075.0082811303
0.30000000000000004       2.7                      2959637.4484314583
0.4                       2.7                      2973203.173285645
0.5                       2.7                      2988805.697126174
0.6000000000000001        2.7                      3009500.752042146
0.7000000000000001        2.7                      3032744.518582307
0.8                       2.7                      3057866.465549911
0.9000000000000001        2.7                      3086804.454544548
1                         2.7                      3116379.5486848373
1.1                       2.7                      3147357.748546374
1.2000000000000002        2.7                      3172250.632176612
1.3000000000000003        2.7                      3204923.186968759
1.4000000000000001        2.7                      3239589.301612653
1.5                       2.7                      3256384.3496594965
1.6                       2.7                      3295370.487952394
1.7000000000000002        2.7                      3316874.5956347897
1.8000000000000003        2.7                      3402130.3817836205
1.9000000000000001        2.7                      3646759.4663765933
2                         2.7                      4238769.92120531
0                         2.8000000000000007       2959102.0288472897
0.1                       2.8000000000000007       2962792.4936853433
0.2                       2.8000000000000007       2968340.0080260467
0.30000000000000004       2.8000000000000007       2976788.6082365722
0.4                       2.8000000000000007       2989547.612717572
0.5                       2.8000000000000007       3004673.9128566547
0.6000000000000001        2.8000000000000007       3023369.5014655576
0.7000000000000001        2.8000000000000007       3044452.8828543
0.8                       2.8000000000000007       3066926.058829113
0.9000000000000001        2.8000000000000007       3091515.4136127657
1                         2.8000000000000007       3116537.326838099
1.1                       2.8000000000000007       3138034.5509166005
1.2000000000000002        2.8000000000000007       3154506.51875259
1.3000000000000003        2.8000000000000007       3167665.665149299
1.4000000000000001        2.8000000000000007       3164461.2835109564
1.5                       2.8000000000000007       3148663.2656639833
1.6                       2.8000000000000007       3099721.3168194396
1.7000000000000002        2.8000000000000007       3043189.826392242
1.8000000000000003        2.8000000000000007       2969637.1242293175
1.9000000000000001        2.8000000000000007       3005597.897126886
2                         2.8000000000000007       3521172.5278087044
0                         2.9000000000000004       2971327.995927651
0.1                       2.9000000000000004       2974271.5035812864
0.2                       2.9000000000000004       2978554.9398003016
0.30000000000000004       2.9000000000000004       2987275.9657502426
0.4                       2.9000000000000004       2999564.4882666855
0.5                       2.9000000000000004       3013696.779555371
0.6000000000000001        2.9000000000000004       3031571.6207835097
0.7000000000000001        2.9000000000000004       3051242.9944090303
0.8                       2.9000000000000004       3073620.494373638
0.9000000000000001        2.9000000000000004       3093505.6869299687
1                         2.9000000000000004       3113456.81190428
1.1                       2.9000000000000004       3126831.8534583724
1.2000000000000002        2.9000000000000004       3138507.127301368
1.3000000000000003        2.9000000000000004       3138831.042621974
1.4000000000000001        2.9000000000000004       3119602.77598062
1.5                       2.9000000000000004       3074638.3368153344
1.6                       2.9000000000000004       2976857.8829827555
1.7000000000000002        2.9000000000000004       2807460.3558065966
1.8000000000000003        2.9000000000000004       2537793.187689309
1.9000000000000001        2.9000000000000004       2148259.2995702922
2                         2.9000000000000004       2162372.0270473524
0                         3                        2978733.915105531
0.1                       3                        2977588.13340717
0.2                       3                        2982887.2349624257
0.30000000000000004       3                        2990934.9334079637
0.4                       3                        3003023.690509435
0.5                       3                        3017234.552763818
0.6000000000000001        3                        3034595.1625660346
0.7000000000000001        3                        3053828.849244919
0.8                       3                        3073817.338109619
0.9000000000000001        3                        3094757.5256653805
1                         3                        3113696.1068645143
1.1                       3                        3128618.2699416378
1.2000000000000002        3                        3136840.8580925683
1.3000000000000003        3                        3129206.964794075
1.4000000000000001        3                        3101095.737097884
1.5                       3                        3046926.655184109
1.6                       3                        2929927.624748049
1.7000000000000002        3                        2720544.535526623
1.8000000000000003        3                        2329349.3400554606
1.9000000000000001        3                        1567689.507913627
2                         3                        0
