% Model:              ring_decel_osterwalder.mph
% Version:            COMSOL 5.4.0.225
% Date:               Mar 20 2019, 06:43
% Dimension:          2
% Nodes:              1281
% Expressions:        1
% Description:        Electric field norm
% Length unit:        mm
% r                       z                        es.normE (V/m) @ ph=0.5236
0                         -4                       2995771.951129747
0.1                       -4                       3000205.8586455076
0.2                       -4                       3006947.914202688
0.30000000000000004       -4                       3017212.965410775
0.4                       -4                       3033309.7159879957
0.5                       -4                       3052977.9575998574
0.6000000000000001        -4                       3077979.2384982263
0.7000000000000001        -4                       3108648.435046058
0.8                       -4                       3143789.1914021266
0.9000000000000001        -4                       3186661.8410888896
1                         -4                       3237305.279938641
1.1                       -4                       3293961.671473659
1.2000000000000002        -4                       3363606.0752146738
1.3000000000000003        -4                       3447932.307023429
1.4000000000000001        -4                       3549829.441820954
1.5                       -4                       3673927.8659292553
1.6                       -4                       3846293.263413114
1.7000000000000002        -4                       4058475.4608752476
1.8000000000000003        -4                       4337037.381716235
1.9000000000000001        -4                       4714283.267674793
2                         -4                       5185678.927999845
0                         -3.9                     2994566.0324264695
0.1                       -3.9                     2998366.987062102
0.2                       -3.9                     3003933.8090022537
0.30000000000000004       -3.9                     3015497.2480220017
0.4                       -3.9                     3032409.3571471376
0.5                       -3.9                     3052161.0282927225
0.6000000000000001        -3.9                     3079730.1357256523
0.7000000000000001        -3.9                     3112569.5100196954
0.8                       -3.9                     3148924.298994754
0.9000000000000001        -3.9                     3197635.1426753956
1                         -3.9                     3253233.0363092143
1.1                       -3.9                     3315321.136612844
1.2000000000000002        -3.9                     3399025.7692261892
1.3000000000000003        -3.9                     3494169.0925519816
1.4000000000000001        -3.9                     3621783.4359640125
1.5                       -3.9                     3765482.8070424288
1.6                       -3.9                     3949595.9173806207
1.7000000000000002        -3.9                     4171579.9196113087
1.8000000000000003        -3.9                     4478199.605471124
1.9000000000000001        -3.9                     4796310.499680696
2                         -3.9                     5175334.32613226
0                         -3.8                     2981203.4660893194
0.1                       -3.8                     2985930.8994244453
0.2                       -3.8                     2993155.7684644917
0.30000000000000004       -3.8                     3004167.520489751
0.4                       -3.8                     3021577.222745927
0.5                       -3.8                     3043022.2320852056
0.6000000000000001        -3.8                     3070486.063397057
0.7000000000000001        -3.8                     3104697.400303338
0.8                       -3.8                     3144564.341480247
0.9000000000000001        -3.8                     3194299.11073437
1                         -3.8                     3252878.9231402026
1.1                       -3.8                     3321639.0555645623
1.2000000000000002        -3.8                     3408250.910238456
1.3000000000000003        -3.8                     3519409.5746982507
1.4000000000000001        -3.8                     3644187.844179327
1.5                       -3.8                     3804445.673996887
1.6                       -3.8                     4003440.4187987624
1.7000000000000002        -3.8                     4235936.098742081
1.8000000000000003        -3.8                     4526929.722003871
1.9000000000000001        -3.8                     4859282.820140647
2                         -3.8                     5201559.560690129
0                         -3.7                     2961989.3145051654
0.1                       -3.7                     2965908.794372477
0.2                       -3.7                     2971684.7894349233
0.30000000000000004       -3.7                     2983696.6729840287
0.4                       -3.7                     3001316.6653941693
0.5                       -3.7                     3021885.7919632923
0.6000000000000001        -3.7                     3050980.796728017
0.7000000000000001        -3.7                     3085764.89134978
0.8                       -3.7                     3123740.524215921
0.9000000000000001        -3.7                     3177209.844584655
1                         -3.7                     3237610.693460283
1.1                       -3.7                     3317217.644753853
1.2000000000000002        -3.7                     3400047.79932798
1.3000000000000003        -3.7                     3508128.335797913
1.4000000000000001        -3.7                     3639315.5998824295
1.5                       -3.7                     3802678.3951588036
1.6                       -3.7                     4012098.1515521132
1.7000000000000002        -3.7                     4261169.508592031
1.8000000000000003        -3.7                     4560662.3845338365
1.9000000000000001        -3.7                     4903255.17293846
2                         -3.7                     5262222.782975094
0                         -3.6000000000000005      2930329.99493552
0.1                       -3.6000000000000005      2935022.4191612783
0.2                       -3.6000000000000005      2942252.4107653215
0.30000000000000004       -3.6000000000000005      2953300.1058355896
0.4                       -3.6000000000000005      2970712.8479646463
0.5                       -3.6000000000000005      2992180.3182821837
0.6000000000000001        -3.6000000000000005      3019758.4068174404
0.7000000000000001        -3.6000000000000005      3053963.8095338256
0.8                       -3.6000000000000005      3093744.788782623
0.9000000000000001        -3.6000000000000005      3144106.7056616694
1                         -3.6000000000000005      3202000.8069348843
1.1                       -3.6000000000000005      3273860.612742991
1.2000000000000002        -3.6000000000000005      3360394.030374069
1.3000000000000003        -3.6000000000000005      3470746.56296732
1.4000000000000001        -3.6000000000000005      3591873.5261685997
1.5                       -3.6000000000000005      3765819.5044754464
1.6                       -3.6000000000000005      3973683.5056938096
1.7000000000000002        -3.6000000000000005      4248424.350145269
1.8000000000000003        -3.6000000000000005      4559783.390309771
1.9000000000000001        -3.6000000000000005      4937820.639471491
2                         -3.6000000000000005      5361755.102217945
0                         -3.5                     2892916.914790504
0.1                       -3.5                     2896675.9638761953
0.2                       -3.5                     2902296.7078704033
0.30000000000000004       -3.5                     2913894.3821684583
0.4                       -3.5                     2930847.0496417955
0.5                       -3.5                     2950651.657433038
0.6000000000000001        -3.5                     2978398.648352065
0.7000000000000001        -3.5                     3011349.5500268126
0.8                       -3.5                     3055503.2970742253
0.9000000000000001        -3.5                     3097408.5646388633
1                         -3.5                     3153085.8171734675
1.1                       -3.5                     3217103.0661714384
1.2000000000000002        -3.5                     3307617.520686263
1.3000000000000003        -3.5                     3402704.233969092
1.4000000000000001        -3.5                     3525408.0073282598
1.5                       -3.5                     3683492.0982483495
1.6                       -3.5                     3879426.9582930156
1.7000000000000002        -3.5                     4152601.4084327254
1.8000000000000003        -3.5                     4511720.146956161
1.9000000000000001        -3.5                     4947352.120410471
2                         -3.5                     5483876.853384952
0                         -3.4                     2849419.772402818
0.1                       -3.4                     2848068.7931397664
0.2                       -3.4                     2854836.240159738
0.30000000000000004       -3.4                     2865209.7527963384
0.4                       -3.4                     2881353.9159910856
0.5                       -3.4                     2901124.7928555408
0.6000000000000001        -3.4                     2926393.6857440476
0.7000000000000001        -3.4                     2957249.4076825115
0.8                       -3.4                     2992318.924741945
0.9000000000000001        -3.4                     3036376.3461375637
1                         -3.4                     3087733.9009976364
1.1                       -3.4                     3147003.925888428
1.2000000000000002        -3.4                     3215742.2530512144
1.3000000000000003        -3.4                     3307095.151793014
1.4000000000000001        -3.4                     3414483.8092554025
1.5                       -3.4                     3549544.270944147
1.6                       -3.4                     3727850.215690495
1.7000000000000002        -3.4                     3986013.5200892
1.8000000000000003        -3.4                     4349966.486377894
1.9000000000000001        -3.4                     4828046.013558396
2                         -3.4                     5587176.909312635
0                         -3.3                     2789303.1296568923
0.1                       -3.3                     2792694.4944269275
0.2                       -3.3                     2797900.738483795
0.30000000000000004       -3.3                     2808439.1833475707
0.4                       -3.3                     2823699.3123629964
0.5                       -3.3                     2841619.3015820524
0.6000000000000001        -3.3                     2865753.309168983
0.7000000000000001        -3.3                     2893989.155668289
0.8                       -3.3                     2930729.1249540886
0.9000000000000001        -3.3                     2965235.070569034
1                         -3.3                     3008251.4196124
1.1                       -3.3                     3059768.1321362155
1.2000000000000002        -3.3                     3124304.8922648225
1.3000000000000003        -3.3                     3185134.287288463
1.4000000000000001        -3.3                     3270939.497122145
1.5                       -3.3                     3372048.938924544
1.6                       -3.3                     3515193.319058877
1.7000000000000002        -3.3                     3723156.3360658353
1.8000000000000003        -3.3                     4058652.962262206
1.9000000000000001        -3.3                     4624300.179552826
2                         -3.3                     5553369.332701668
0                         -3.2                     2724512.6611424726
0.1                       -3.2                     2728320.5759140835
0.2                       -3.2                     2734400.1510855216
0.30000000000000004       -3.2                     2743752.58873134
0.4                       -3.2                     2758002.2379717217
0.5                       -3.2                     2775239.2813127995
0.6000000000000001        -3.2                     2796931.8940495253
0.7000000000000001        -3.2                     2822635.4156735917
0.8                       -3.2                     2850789.363899943
0.9000000000000001        -3.2                     2884406.715817703
1                         -3.2                     2923093.7114676633
1.1                       -3.2                     2961071.0667436384
1.2000000000000002        -3.2                     3003152.1343665277
1.3000000000000003        -3.2                     3057706.5362939104
1.4000000000000001        -3.2                     3103981.8494895278
1.5                       -3.2                     3176529.5107895443
1.6                       -3.2                     3252898.640136465
1.7000000000000002        -3.2                     3381047.6906728465
1.8000000000000003        -3.2                     3603675.8712283294
1.9000000000000001        -3.2                     4069611.4435985885
2                         -3.2                     5163575.30454904
0                         -3.1000000000000005      2655180.5831016377
0.1                       -3.1000000000000005      2658168.114039582
0.2                       -3.1000000000000005      2662932.551309702
0.30000000000000004       -3.1000000000000005      2672326.5860318244
0.4                       -3.1000000000000005      2685736.5473074527
0.5                       -3.1000000000000005      2701543.5454787393
0.6000000000000001        -3.1000000000000005      2721704.2333524823
0.7000000000000001        -3.1000000000000005      2744720.532059093
0.8                       -3.1000000000000005      2772723.7954741153
0.9000000000000001        -3.1000000000000005      2798556.55949976
1                         -3.1000000000000005      2827629.302533063
1.1                       -3.1000000000000005      2858407.582832935
1.2000000000000002        -3.1000000000000005      2889774.685420873
1.3000000000000003        -3.1000000000000005      2913862.108842005
1.4000000000000001        -3.1000000000000005      2939258.1576719093
1.5                       -3.1000000000000005      2973447.141256057
1.6                       -3.1000000000000005      2971900.6438603518
1.7000000000000002        -3.1000000000000005      2970255.4311124403
1.8000000000000003        -3.1000000000000005      3029809.224143997
1.9000000000000001        -3.1000000000000005      3233004.0249926103
2                         -3.1000000000000005      4052414.6269217026
0                         -3                       2581026.252122755
0.1                       -3                       2580430.159061976
0.2                       -3                       2585957.9141703006
0.30000000000000004       -3                       2594497.294933934
0.4                       -3                       2607193.9623387814
0.5                       -3                       2622376.8614533828
0.6000000000000001        -3                       2641074.305992621
0.7000000000000001        -3                       2662235.898187769
0.8                       -3                       2684620.652065657
0.9000000000000001        -3                       2709263.45252729
1                         -3                       2734172.8260135003
1.1                       -3                       2755728.905009696
1.2000000000000002        -3                       2774156.8384006456
1.3000000000000003        -3                       2786547.816909214
1.4000000000000001        -3                       2781906.4172661477
1.5                       -3                       2753165.6194769903
1.6                       -3                       2714553.571188749
1.7000000000000002        -3                       2604323.1664054934
1.8000000000000003        -3                       2429146.7649191036
1.9000000000000001        -3                       2168867.25676364
2                         -3                       4.470348358154297E-8
0                         -2.9                     2495078.4608449074
0.1                       -2.9                     2497811.452394614
0.2                       -2.9                     2502369.0645880536
0.30000000000000004       -2.9                     2511152.233632275
0.4                       -2.9                     2523519.623848546
0.5                       -2.9                     2538110.3054843275
0.6000000000000001        -2.9                     2556001.2827757746
0.7000000000000001        -2.9                     2575916.8381221164
0.8                       -2.9                     2598155.4521878255
0.9000000000000001        -2.9                     2618864.2529049823
1                         -2.9                     2639150.2000896903
1.1                       -2.9                     2655285.5292060073
1.2000000000000002        -2.9                     2667027.4361706683
1.3000000000000003        -2.9                     2666930.9223512695
1.4000000000000001        -2.9                     2642762.9384289337
1.5                       -2.9                     2598263.778655191
1.6                       -2.9                     2507909.4231996355
1.7000000000000002        -2.9                     2346388.061103347
1.8000000000000003        -2.9                     2028751.9205072585
1.9000000000000001        -2.9                     1465866.8519734968
2                         -2.9                     447630.979102205
0                         -2.8                     2405464.9566249144
0.1                       -2.8                     2408641.2320705415
0.2                       -2.8                     2414057.490868125
0.30000000000000004       -2.8                     2422465.4506491898
0.4                       -2.8                     2434789.127964872
0.5                       -2.8                     2449507.4787043435
0.6000000000000001        -2.8                     2467363.8268662146
0.7000000000000001        -2.8                     2487132.5556609984
0.8                       -2.8                     2507903.0886089904
0.9000000000000001        -2.8                     2529382.0863838443
1                         -2.8                     2549235.34299921
1.1                       -2.8                     2565426.5664912337
1.2000000000000002        -2.8                     2574084.6331644445
1.3000000000000003        -2.8                     2568895.6920704236
1.4000000000000001        -2.8                     2544301.932929531
1.5                       -2.8                     2493104.240200336
1.6                       -2.8                     2395226.9615024976
1.7000000000000002        -2.8                     2234334.632792306
1.8000000000000003        -2.8                     1949743.640968064
1.9000000000000001        -2.8                     1585636.3600991676
2                         -2.8                     1267584.8380545117
0                         -2.7                     2312354.322855446
0.1                       -2.7                     2315090.0797950984
0.2                       -2.7                     2319847.1402076352
0.30000000000000004       -2.7                     2328929.7742258487
0.4                       -2.7                     2341654.0678760377
0.5                       -2.7                     2356699.3695574845
0.6000000000000001        -2.7                     2375262.8220687755
0.7000000000000001        -2.7                     2395841.2439458547
0.8                       -2.7                     2418336.2471583695
0.9000000000000001        -2.7                     2440274.790359486
1                         -2.7                     2461712.6992835007
1.1                       -2.7                     2478244.1370668868
1.2000000000000002        -2.7                     2491526.537090419
1.3000000000000003        -2.7                     2490676.9715723214
1.4000000000000001        -2.7                     2479562.8556070263
1.5                       -2.7                     2441495.122318897
1.6                       -2.7                     2371181.7174386783
1.7000000000000002        -2.7                     2245667.6342095938
1.8000000000000003        -2.7                     2091015.9619629604
1.9000000000000001        -2.7                     1958837.4347179816
2                         -2.7                     1995638.1673555898
0                         -2.6                     2215669.984769006
0.1                       -2.6                     2215357.286870776
0.2                       -2.6                     2221206.984825111
0.30000000000000004       -2.6                     2230340.5528888446
0.4                       -2.6                     2243760.800670898
0.5                       -2.6                     2259991.399951844
0.6000000000000001        -2.6                     2279743.100724786
0.7000000000000001        -2.6                     2302093.860738931
0.8                       -2.6                     2326329.623208374
0.9000000000000001        -2.6                     2352165.706889022
1                         -2.6                     2377181.948001574
1.1                       -2.6                     2401881.8371535926
1.2000000000000002        -2.6                     2420532.5909242984
1.3000000000000003        -2.6                     2434042.9996522255
1.4000000000000001        -2.6                     2441305.123554993
1.5                       -2.6                     2424385.2338742805
1.6                       -2.6                     2385408.711532677
1.7000000000000002        -2.6                     2335626.038369819
1.8000000000000003        -2.6                     2288943.739520201
1.9000000000000001        -2.6                     2278671.6037143087
2                         -2.6                     2371759.06006576
0                         -2.5                     2108302.145872097
0.1                       -2.5                     2111279.3172921888
0.2                       -2.5                     2116644.84112955
0.30000000000000004       -2.5                     2126911.1760840947
0.4                       -2.5                     2141354.1403884506
0.5                       -2.5                     2158473.762487581
0.6000000000000001        -2.5                     2180533.6953530465
0.7000000000000001        -2.5                     2205413.065651852
0.8                       -2.5                     2232411.93300332
0.9000000000000001        -2.5                     2263071.3566553993
1                         -2.5                     2295075.0054477416
1.1                       -2.5                     2327379.8585256306
1.2000000000000002        -2.5                     2360217.0656143166
1.3000000000000003        -2.5                     2384044.8033458977
1.4000000000000001        -2.5                     2410619.122427516
1.5                       -2.5                     2418474.145875728
1.6                       -2.5                     2437135.2291086367
1.7000000000000002        -2.5                     2449265.4552339963
1.8000000000000003        -2.5                     2467645.110914274
1.9000000000000001        -2.5                     2520099.6045085117
2                         -2.5                     2624768.900579054
0                         -2.4                     1997157.0881952115
0.1                       -2.4                     2000832.8799256375
0.2                       -2.4                     2007535.2639816334
0.30000000000000004       -2.4                     2018076.9466260294
0.4                       -2.4                     2033701.6725149532
0.5                       -2.4                     2052930.8770921757
0.6000000000000001        -2.4                     2076713.7572088384
0.7000000000000001        -2.4                     2104503.3177213063
0.8                       -2.4                     2136000.4234734317
0.9000000000000001        -2.4                     2171713.6888468545
1                         -2.4                     2208773.7045117836
1.1                       -2.4                     2252229.884401306
1.2000000000000002        -2.4                     2297282.3607868426
1.3000000000000003        -2.4                     2342416.588346309
1.4000000000000001        -2.4                     2383783.570173893
1.5                       -2.4                     2441970.9055927503
1.6                       -2.4                     2496794.195107201
1.7000000000000002        -2.4                     2550859.810229033
1.8000000000000003        -2.4                     2628950.9309539404
1.9000000000000001        -2.4                     2728455.7569266683
2                         -2.4                     2846978.7003120854
0                         -2.3                     1882488.0080734103
0.1                       -2.3                     1885820.283678269
0.2                       -2.3                     1892069.1625056874
0.30000000000000004       -2.3                     1904032.90067794
0.4                       -2.3                     1920979.099944383
0.5                       -2.3                     1941145.5205171271
0.6000000000000001        -2.3                     1968216.164289574
0.7000000000000001        -2.3                     1999342.1263209018
0.8                       -2.3                     2033702.012788748
0.9000000000000001        -2.3                     2076246.97530275
1                         -2.3                     2122581.4377941354
1.1                       -2.3                     2172449.065135176
1.2000000000000002        -2.3                     2231762.598859977
1.3000000000000003        -2.3                     2294731.879409657
1.4000000000000001        -2.3                     2367029.7161069666
1.5                       -2.3                     2447527.0032627387
1.6                       -2.3                     2541047.669251325
1.7000000000000002        -2.3                     2646657.606019965
1.8000000000000003        -2.3                     2775463.8411813495
1.9000000000000001        -2.3                     2920323.6958567924
2                         -2.3                     3090820.094356741
0                         -2.2                     1760077.0602867648
0.1                       -2.2                     1764132.704303109
0.2                       -2.2                     1771853.428627901
0.30000000000000004       -2.2                     1784110.8680206917
0.4                       -2.2                     1802335.8358984734
0.5                       -2.2                     1825069.8815676677
0.6000000000000001        -2.2                     1853673.4141731395
0.7000000000000001        -2.2                     1887750.1034090626
0.8                       -2.2                     1927497.9702442163
0.9000000000000001        -2.2                     1974450.6750102327
1                         -2.2                     2026481.7297749273
1.1                       -2.2                     2089485.5514938575
1.2000000000000002        -2.2                     2159274.9695424996
1.3000000000000003        -2.2                     2244178.420844701
1.4000000000000001        -2.2                     2337570.773434335
1.5                       -2.2                     2443917.0390778654
1.6                       -2.2                     2581574.872849562
1.7000000000000002        -2.2                     2730655.0828104913
1.8000000000000003        -2.2                     2914790.1034787484
1.9000000000000001        -2.2                     3119024.4084127247
2                         -2.2                     3342470.3014553864
0                         -2.1                     1634117.3294338924
0.1                       -2.1                     1637767.710847918
0.2                       -2.1                     1645022.7968160328
0.30000000000000004       -2.1                     1658744.2547017129
0.4                       -2.1                     1678269.6543610026
0.5                       -2.1                     1701696.5295063478
0.6000000000000001        -2.1                     1733621.6975602016
0.7000000000000001        -2.1                     1770855.4953106877
0.8                       -2.1                     1812722.367729715
0.9000000000000001        -2.1                     1866143.3730532737
1                         -2.1                     1926006.6184764612
1.1                       -2.1                     1992794.2136872085
1.2000000000000002        -2.1                     2077439.174004898
1.3000000000000003        -2.1                     2173248.4745143433
1.4000000000000001        -2.1                     2281204.982868751
1.5                       -2.1                     2433820.1750842766
1.6                       -2.1                     2588270.4093711106
1.7000000000000002        -2.1                     2793303.4604129675
1.8000000000000003        -2.1                     3031321.820989164
1.9000000000000001        -2.1                     3317129.608775076
2                         -2.1                     3640239.2459560237
0                         -2                       1500549.5398232962
0.1                       -2                       1504837.6235047646
0.2                       -2                       1513546.8529069803
0.30000000000000004       -2                       1527536.4366469425
0.4                       -2                       1548187.86601747
0.5                       -2                       1574120.208807883
0.6000000000000001        -2                       1607143.6114135997
0.7000000000000001        -2                       1646583.351750635
0.8                       -2                       1693081.81664142
0.9000000000000001        -2                       1749483.2938088432
1                         -2                       1812675.9263115835
1.1                       -2                       1890789.3210135514
1.2000000000000002        -2                       1982945.4797827227
1.3000000000000003        -2                       2090993.9668630075
1.4000000000000001        -2                       2228801.1397140133
1.5                       -2                       2381606.267468585
1.6                       -2                       2576469.6846033274
1.7000000000000002        -2                       2813984.369722866
1.8000000000000003        -2                       3130400.959873358
1.9000000000000001        -2                       3502938.5983306677
2                         -2                       3955298.658161128
0                         -1.9                     1363708.1270266694
0.1                       -1.9                     1367565.671747797
0.2                       -1.9                     1375927.8456764147
0.30000000000000004       -1.9                     1391281.675857792
0.4                       -1.9                     1413135.8246567808
0.5                       -1.9                     1439750.8123130067
0.6000000000000001        -1.9                     1475396.378522218
0.7000000000000001        -1.9                     1517357.0253045876
0.8                       -1.9                     1565397.8813204216
0.9000000000000001        -1.9                     1625518.583206266
1                         -1.9                     1694373.7432592106
1.1                       -1.9                     1781454.9946063997
1.2000000000000002        -1.9                     1872016.2000112068
1.3000000000000003        -1.9                     1987674.9703122855
1.4000000000000001        -1.9                     2129852.6354492446
1.5                       -1.9                     2307232.7984543117
1.6                       -1.9                     2524364.8242778415
1.7000000000000002        -1.9                     2824074.44968357
1.8000000000000003        -1.9                     3178896.533591031
1.9000000000000001        -1.9                     3663200.809351621
2                         -1.9                     4282578.029481436
0                         -1.8                     1220260.4837549555
0.1                       -1.8                     1224616.336244152
0.2                       -1.8                     1234349.6620616217
0.30000000000000004       -1.8                     1250191.3128900798
0.4                       -1.8                     1273154.2908434162
0.5                       -1.8                     1301979.1522819123
0.6000000000000001        -1.8                     1338783.377429852
0.7000000000000001        -1.8                     1382318.3400389156
0.8                       -1.8                     1433198.6234595294
0.9000000000000001        -1.8                     1495580.57837252
1                         -1.8                     1568845.99482398
1.1                       -1.8                     1650982.9564268754
1.2000000000000002        -1.8                     1751350.6944975993
1.3000000000000003        -1.8                     1872540.8125712012
1.4000000000000001        -1.8                     2019463.4514317072
1.5                       -1.8                     2203608.39168823
1.6                       -1.8                     2442651.1993076354
1.7000000000000002        -1.8                     2747249.070353873
1.8000000000000003        -1.8                     3181824.260656922
1.9000000000000001        -1.8                     3767459.6487282873
2                         -1.8                     4608496.294582334
0                         -1.6999999999999997      1074201.6000473364
0.1                       -1.6999999999999997      1078251.0105693245
0.2                       -1.6999999999999997      1088093.5817060303
0.30000000000000004       -1.6999999999999997      1105380.9077580876
0.4                       -1.6999999999999997      1129834.8229895744
0.5                       -1.6999999999999997      1160178.2932657734
0.6000000000000001        -1.6999999999999997      1198915.4379103289
0.7000000000000001        -1.6999999999999997      1244643.800806812
0.8                       -1.6999999999999997      1297709.586656793
0.9000000000000001        -1.6999999999999997      1360732.72240385
1                         -1.6999999999999997      1432368.11366171
1.1                       -1.6999999999999997      1521574.5574581074
1.2000000000000002        -1.6999999999999997      1619479.785486964
1.3000000000000003        -1.6999999999999997      1742686.4696422643
1.4000000000000001        -1.6999999999999997      1888784.150502469
1.5                       -1.6999999999999997      2076683.9546430344
1.6                       -1.6999999999999997      2303459.5795054543
1.7000000000000002        -1.6999999999999997      2642065.3983400916
1.8000000000000003        -1.6999999999999997      3082688.680097628
1.9000000000000001        -1.6999999999999997      3734842.119248689
2                         -1.6999999999999997      4722326.38943236
0                         -1.5999999999999996      923395.429502257
0.1                       -1.5999999999999996      927889.6869337673
0.2                       -1.5999999999999996      939236.9783381951
0.30000000000000004       -1.5999999999999996      957889.3641988282
0.4                       -1.5999999999999996      984179.5912209398
0.5                       -1.5999999999999996      1016911.3241091032
0.6000000000000001        -1.5999999999999996      1058179.2752175392
0.7000000000000001        -1.5999999999999996      1106133.3999879656
0.8                       -1.5999999999999996      1160460.4877259536
0.9000000000000001        -1.5999999999999996      1226363.0746407707
1                         -1.5999999999999996      1297372.0677500435
1.1                       -1.5999999999999996      1386064.6089856124
1.2000000000000002        -1.5999999999999996      1475502.1371174802
1.3000000000000003        -1.5999999999999996      1602336.350285458
1.4000000000000001        -1.5999999999999996      1748165.2974707463
1.5                       -1.5999999999999996      1918531.5748567448
1.6                       -1.5999999999999996      2158593.922360784
1.7000000000000002        -1.5999999999999996      2465031.9979476337
1.8000000000000003        -1.5999999999999996      2911359.687093062
1.9000000000000001        -1.5999999999999996      3563682.807773462
2                         -1.5999999999999996      4644047.4628871735
0                         -1.5                     770931.1006436363
0.1                       -1.5                     775535.7060900507
0.2                       -1.5                     788113.6466289773
0.30000000000000004       -1.5                     809135.4256874882
0.4                       -1.5                     838366.153186085
0.5                       -1.5                     874971.1796595481
0.6000000000000001        -1.5                     918704.8482779843
0.7000000000000001        -1.5                     969720.4697107397
0.8                       -1.5                     1028448.9392866616
0.9000000000000001        -1.5                     1094370.5806831536
1                         -1.5                     1166900.971976391
1.1                       -1.5                     1253593.343178537
1.2000000000000002        -1.5                     1348197.1367176874
1.3000000000000003        -1.5                     1465162.0995895707
1.4000000000000001        -1.5                     1599098.0382148803
1.5                       -1.5                     1767043.510476245
1.6                       -1.5                     1979151.4828354402
1.7000000000000002        -1.5                     2257743.0002556294
1.8000000000000003        -1.5                     2651783.436869244
1.9000000000000001        -1.5                     3244176.8059749315
2                         -1.5                     1.884864366154897E-7
0                         -1.4                     616012.0090103693
0.1                       -1.4                     621397.2610504464
0.2                       -1.4                     636575.1945229853
0.30000000000000004       -1.4                     661376.5268901198
0.4                       -1.4                     694991.2639446565
0.5                       -1.4                     735960.4948543411
0.6000000000000001        -1.4                     785538.5209554386
0.7000000000000001        -1.4                     841245.993424777
0.8                       -1.4                     901750.0949981222
0.9000000000000001        -1.4                     972180.7218162668
1                         -1.4                     1047997.0512670465
1.1                       -1.4                     1128027.3369003362
1.2000000000000002        -1.4                     1225620.143663038
1.3000000000000003        -1.4                     1326183.8067184454
1.4000000000000001        -1.4                     1451177.8009315932
1.5                       -1.4                     1603996.7256591343
1.6                       -1.4                     1784904.8868313567
1.7000000000000002        -1.4                     2031148.0924456455
1.8000000000000003        -1.4                     2359797.0101679075
1.9000000000000001        -1.4                     2835366.765858831
2                         -1.4                     3511440.5310779423
0                         -1.3                     460444.1095726552
0.1                       -1.3                     467123.9198576983
0.2                       -1.3                     486564.447538847
0.30000000000000004       -1.3                     517349.16868088575
0.4                       -1.3                     558239.1094413302
0.5                       -1.3                     607657.2342437676
0.6000000000000001        -1.3                     662971.254593739
0.7000000000000001        -1.3                     724738.4971207137
0.8                       -1.3                     790070.0641688537
0.9000000000000001        -1.3                     863653.0052331378
1                         -1.3                     939442.8501339239
1.1                       -1.3                     1025910.2159391228
1.2000000000000002        -1.3                     1111693.0564521023
1.3000000000000003        -1.3                     1203529.883097456
1.4000000000000001        -1.3                     1319961.5211850917
1.5                       -1.3                     1453902.962002556
1.6                       -1.3                     1607390.459215197
1.7000000000000002        -1.3                     1786962.821862575
1.8000000000000003        -1.3                     2058263.7022378785
1.9000000000000001        -1.3                     2414606.0431243456
2                         -1.3                     2930958.9245097013
0                         -1.1999999999999997      304523.4904370232
0.1                       -1.1999999999999997      314174.64441230847
0.2                       -1.1999999999999997      341774.3829828135
0.30000000000000004       -1.1999999999999997      383819.4033952538
0.4                       -1.1999999999999997      436061.1484127345
0.5                       -1.1999999999999997      495332.62210987986
0.6000000000000001        -1.1999999999999997      561065.0014585434
0.7000000000000001        -1.1999999999999997      630424.9401035615
0.8                       -1.1999999999999997      702137.3420956247
0.9000000000000001        -1.1999999999999997      778869.0220962133
1                         -1.1999999999999997      858315.7082771313
1.1                       -1.1999999999999997      937883.2244369616
1.2000000000000002        -1.1999999999999997      1025641.7848888221
1.3000000000000003        -1.1999999999999997      1108946.457972606
1.4000000000000001        -1.1999999999999997      1215750.3674250024
1.5                       -1.1999999999999997      1318888.5521905264
1.6                       -1.1999999999999997      1430726.4009510733
1.7000000000000002        -1.1999999999999997      1598234.1668869155
1.8000000000000003        -1.1999999999999997      1792581.2602642418
1.9000000000000001        -1.1999999999999997      2056264.9498193066
2                         -1.1999999999999997      2430353.718303593
0                         -1.0999999999999996      148763.25646046078
0.1                       -1.0999999999999996      167558.11586687336
0.2                       -1.0999999999999996      214746.50942726815
0.30000000000000004       -1.0999999999999996      275892.03634381836
0.4                       -1.0999999999999996      344205.47996176896
0.5                       -1.0999999999999996      416500.2720360592
0.6000000000000001        -1.0999999999999996      490552.4979971642
0.7000000000000001        -1.0999999999999996      566589.4041756702
0.8                       -1.0999999999999996      644382.0448154749
0.9000000000000001        -1.0999999999999996      722274.3305064901
1                         -1.0999999999999996      801103.3306122754
1.1                       -1.0999999999999996      881531.5227860794
1.2000000000000002        -1.0999999999999996      960703.2176394855
1.3000000000000003        -1.0999999999999996      1043611.2969080227
1.4000000000000001        -1.0999999999999996      1125535.8460327117
1.5                       -1.0999999999999996      1207580.8887308377
1.6                       -1.0999999999999996      1308920.3037371456
1.7000000000000002        -1.0999999999999996      1413244.9113263674
1.8000000000000003        -1.0999999999999996      1544048.354536608
1.9000000000000001        -1.0999999999999996      1723681.144414219
2                         -1.0999999999999996      1975822.7112090404
0                         -1                       5942.405695632633
0.1                       -1                       77522.2361989602
0.2                       -1                       154708.1632253174
0.30000000000000004       -1                       232214.37284382922
0.4                       -1                       309878.1628659988
0.5                       -1                       387685.0032369648
0.6000000000000001        -1                       465867.83064779016
0.7000000000000001        -1                       544009.7494389148
0.8                       -1                       622365.9272923063
0.9000000000000001        -1                       699996.1478786244
1                         -1                       776217.0898653887
1.1                       -1                       854008.4995926433
1.2000000000000002        -1                       925876.6356500877
1.3000000000000003        -1                       1001396.5495677822
1.4000000000000001        -1                       1060298.893837919
1.5                       -1                       1129778.6171185437
1.6                       -1                       1189867.1139509517
1.7000000000000002        -1                       1253233.696662377
1.8000000000000003        -1                       1329427.7279993566
1.9000000000000001        -1                       1425649.5146069839
2                         -1                       1568983.509007907
0                         -0.9                     160028.50059830674
0.1                       -0.9                     177904.8101617883
0.2                       -0.9                     222544.47397171674
0.30000000000000004       -0.9                     281914.40682983556
0.4                       -0.9                     348568.23545304744
0.5                       -0.9                     418745.08802294655
0.6000000000000001        -0.9                     491558.7599608343
0.7000000000000001        -0.9                     565240.7603407068
0.8                       -0.9                     638887.6163385896
0.9000000000000001        -0.9                     712653.936084664
1                         -0.9                     785919.2598657442
1.1                       -0.9                     853541.1528051608
1.2000000000000002        -0.9                     919601.9684892377
1.3000000000000003        -0.9                     979570.3526443471
1.4000000000000001        -0.9                     1030511.0705480255
1.5                       -0.9                     1072800.0322240074
1.6                       -0.9                     1105979.989978822
1.7000000000000002        -0.9                     1103684.4694293467
1.8000000000000003        -0.9                     1135584.6471377003
1.9000000000000001        -0.9                     1155058.2341275078
2                         -0.9                     1211766.0217171207
0                         -0.7999999999999998      312482.6626502323
0.1                       -0.7999999999999998      322229.41545181384
0.2                       -0.7999999999999998      348983.67276369716
0.30000000000000004       -0.7999999999999998      389389.2095715702
0.4                       -0.7999999999999998      439919.6231800439
0.5                       -0.7999999999999998      497384.9979693997
0.6000000000000001        -0.7999999999999998      559069.5288471663
0.7000000000000001        -0.7999999999999998      623701.0820075871
0.8                       -0.7999999999999998      690752.4503580496
0.9000000000000001        -0.7999999999999998      756181.6555294187
1                         -0.7999999999999998      820302.5879061315
1.1                       -0.7999999999999998      884782.5505126683
1.2000000000000002        -0.7999999999999998      939736.9622035354
1.3000000000000003        -0.7999999999999998      988178.0655524401
1.4000000000000001        -0.7999999999999998      1024563.596454672
1.5                       -0.7999999999999998      1043608.0826300193
1.6                       -0.7999999999999998      1052605.3669243718
1.7000000000000002        -0.7999999999999998      1020514.4675217244
1.8000000000000003        -0.7999999999999998      973811.5607995385
1.9000000000000001        -0.7999999999999998      904965.7789299983
2                         -0.7999999999999998      881801.9901012685
0                         -0.6999999999999997      464174.18643150973
0.1                       -0.6999999999999997      470770.07604481047
0.2                       -0.6999999999999997      489256.44579827366
0.30000000000000004       -0.6999999999999997      518889.4015233293
0.4                       -0.6999999999999997      557650.6225050733
0.5                       -0.6999999999999997      603386.4181301667
0.6000000000000001        -0.6999999999999997      655023.0394566107
0.7000000000000001        -0.6999999999999997      710238.6333346064
0.8                       -0.6999999999999997      767490.5791561668
0.9000000000000001        -0.6999999999999997      825642.4125882896
1                         -0.6999999999999997      883639.9807929213
1.1                       -0.6999999999999997      935773.8879146845
1.2000000000000002        -0.6999999999999997      982515.8632119328
1.3000000000000003        -0.6999999999999997      1024766.016446941
1.4000000000000001        -0.6999999999999997      1040036.5899473045
1.5                       -0.6999999999999997      1048556.5732940602
1.6                       -0.6999999999999997      1021794.9462244469
1.7000000000000002        -0.6999999999999997      964490.5244591659
1.8000000000000003        -0.6999999999999997      861466.6838244058
1.9000000000000001        -0.6999999999999997      718839.7186199297
2                         -0.6999999999999997      569137.2550006512
0                         -0.5999999999999996      614195.7024851321
0.1                       -0.5999999999999996      619350.0915461198
0.2                       -0.5999999999999996      633649.3621080186
0.30000000000000004       -0.5999999999999996      656653.2034995662
0.4                       -0.5999999999999996      687573.6968660238
0.5                       -0.5999999999999996      725145.8508906828
0.6000000000000001        -0.5999999999999996      767931.5593788887
0.7000000000000001        -0.5999999999999996      814740.6525447896
0.8                       -0.5999999999999996      864852.6755564985
0.9000000000000001        -0.5999999999999996      914517.713526115
1                         -0.5999999999999996      963567.2769890254
1.1                       -0.5999999999999996      1011664.9450840469
1.2000000000000002        -0.5999999999999996      1049590.5583330435
1.3000000000000003        -0.5999999999999996      1080192.3071635077
1.4000000000000001        -0.5999999999999996      1095771.6307561777
1.5                       -0.5999999999999996      1078126.6658185418
1.6                       -0.5999999999999996      1041830.0412930674
1.7000000000000002        -0.5999999999999996      973155.1085019332
1.8000000000000003        -0.5999999999999996      824926.4779733684
1.9000000000000001        -0.5999999999999996      622921.32215544
2                         -0.5999999999999996      357645.8031165369
0                         -0.5                     763430.7024041432
0.1                       -0.5                     767555.3232956134
0.2                       -0.5                     778999.9213228341
0.30000000000000004       -0.5                     797913.728644888
0.4                       -0.5                     823567.8474412609
0.5                       -0.5                     855153.6449327546
0.6000000000000001        -0.5                     891571.664084988
0.7000000000000001        -0.5                     931936.3808883786
0.8                       -0.5                     975453.8395134525
0.9000000000000001        -0.5                     1019101.2899235215
1                         -0.5                     1063359.3531242653
1.1                       -0.5                     1103807.0293929488
1.2000000000000002        -0.5                     1136185.4868552736
1.3000000000000003        -0.5                     1164585.5341095284
1.4000000000000001        -0.5                     1171680.9516845709
1.5                       -0.5                     1155561.53945014
1.6                       -0.5                     1111794.7311554903
1.7000000000000002        -0.5                     1021762.4768931173
1.8000000000000003        -0.5                     885470.3905506317
1.9000000000000001        -0.5                     677418.8209069513
2                         -0.5                     416629.9612327103
0                         -0.3999999999999999      911845.1480052931
0.1                       -0.3999999999999999      914614.4601164832
0.2                       -0.3999999999999999      924483.6298331931
0.30000000000000004       -0.3999999999999999      940605.3460610519
0.4                       -0.3999999999999999      962686.2934881914
0.5                       -0.3999999999999999      989945.539771814
0.6000000000000001        -0.3999999999999999      1022104.0276272228
0.7000000000000001        -0.3999999999999999      1057897.3809802243
0.8                       -0.3999999999999999      1096463.6099330357
0.9000000000000001        -0.3999999999999999      1136114.8144891404
1                         -0.3999999999999999      1176543.8264260767
1.1                       -0.3999999999999999      1213777.3280403882
1.2000000000000002        -0.3999999999999999      1245389.8593115765
1.3000000000000003        -0.3999999999999999      1264518.1003350904
1.4000000000000001        -0.3999999999999999      1276446.5879617105
1.5                       -0.3999999999999999      1268008.8776874575
1.6                       -0.3999999999999999      1230919.0757728224
1.7000000000000002        -0.3999999999999999      1159979.7068587195
1.8000000000000003        -0.3999999999999999      1046750.0249378226
1.9000000000000001        -0.3999999999999999      893778.9980358791
2                         -0.3999999999999999      734073.2953061085
0                         -0.2999999999999998      1057494.483347267
0.1                       -0.2999999999999998      1060715.8350948275
0.2                       -0.2999999999999998      1069238.7133739283
0.30000000000000004       -0.2999999999999998      1083583.6252341294
0.4                       -0.2999999999999998      1103369.1670453125
0.5                       -0.2999999999999998      1128149.0005987417
0.6000000000000001        -0.2999999999999998      1156921.7037304821
0.7000000000000001        -0.2999999999999998      1189651.7223829534
0.8                       -0.2999999999999998      1226297.7033766306
0.9000000000000001        -0.2999999999999998      1263175.4689890367
1                         -0.2999999999999998      1301444.8922758915
1.1                       -0.2999999999999998      1339821.8813450055
1.2000000000000002        -0.2999999999999998      1372584.8904566707
1.3000000000000003        -0.2999999999999998      1402169.17491716
1.4000000000000001        -0.2999999999999998      1416104.7927277323
1.5                       -0.2999999999999998      1433297.8168577617
1.6                       -0.2999999999999998      1406937.280520747
1.7000000000000002        -0.2999999999999998      1362565.977864363
1.8000000000000003        -0.2999999999999998      1312919.851674988
1.9000000000000001        -0.2999999999999998      1221572.5865706373
2                         -0.2999999999999998      1153226.562837387
0                         -0.19999999999999973     1201699.0702231012
0.1                       -0.19999999999999973     1204946.3202925604
0.2                       -0.19999999999999973     1212979.4247887358
0.30000000000000004       -0.19999999999999973     1226139.2088814627
0.4                       -0.19999999999999973     1244467.2526250666
0.5                       -0.19999999999999973     1267174.2508989181
0.6000000000000001        -0.19999999999999973     1294937.1840758724
0.7000000000000001        -0.19999999999999973     1326293.9371502239
0.8                       -0.19999999999999973     1360475.3376487794
0.9000000000000001        -0.19999999999999973     1398357.0663988143
1                         -0.19999999999999973     1439827.8283594358
1.1                       -0.19999999999999973     1477347.7912517875
1.2000000000000002        -0.19999999999999973     1516378.400529637
1.3000000000000003        -0.19999999999999973     1554472.2740971674
1.4000000000000001        -0.19999999999999973     1586998.2966254544
1.5                       -0.19999999999999973     1609922.486519501
1.6                       -0.19999999999999973     1641235.926767406
1.7000000000000002        -0.19999999999999973     1645150.4125115399
1.8000000000000003        -0.19999999999999973     1664840.9604920673
1.9000000000000001        -0.19999999999999973     1658131.020914785
2                         -0.19999999999999973     1726153.796158485
0                         -0.09999999999999966     1344483.3332799447
0.1                       -0.09999999999999966     1347501.2056311662
0.2                       -0.09999999999999966     1354749.957938315
0.30000000000000004       -0.09999999999999966     1367367.036778919
0.4                       -0.09999999999999966     1385053.2501899586
0.5                       -0.09999999999999966     1407128.4753907518
0.6000000000000001        -0.09999999999999966     1433769.6107381347
0.7000000000000001        -0.09999999999999966     1464807.1561880829
0.8                       -0.09999999999999966     1500544.0785693137
0.9000000000000001        -0.09999999999999966     1538552.0610628745
1                         -0.09999999999999966     1579479.0156788214
1.1                       -0.09999999999999966     1627865.3984746195
1.2000000000000002        -0.09999999999999966     1677437.8946959917
1.3000000000000003        -0.09999999999999966     1721021.3308711604
1.4000000000000001        -0.09999999999999966     1775210.1143809191
1.5                       -0.09999999999999966     1830051.2721325585
1.6                       -0.09999999999999966     1906417.941627695
1.7000000000000002        -0.09999999999999966     1982191.0721879776
1.8000000000000003        -0.09999999999999966     2095117.5860155318
1.9000000000000001        -0.09999999999999966     2282748.726939642
2                         -0.09999999999999966     2566065.070270005
0                         0                        1485998.8253274967
0.1                       0                        1486881.7231325263
0.2                       0                        1494358.5950478897
0.30000000000000004       0                        1506522.6782092394
0.4                       0                        1523922.8917894734
0.5                       0                        1545576.0737730868
0.6000000000000001        0                        1572910.2059810066
0.7000000000000001        0                        1604366.3382234154
0.8                       0                        1639945.3540498111
0.9000000000000001        0                        1682652.8219558275
1                         0                        1728019.9434153123
1.1                       0                        1778422.920183338
1.2000000000000002        0                        1841643.4092796294
1.3000000000000003        0                        1901875.6561763105
1.4000000000000001        0                        1980836.8204879214
1.5                       0                        2071144.4829391837
1.6                       0                        2185457.0528123635
1.7000000000000002        0                        2343776.196173194
1.8000000000000003        0                        2583657.685719806
1.9000000000000001        0                        2972988.548321942
2                         0                        8.429369702178807E-8
0                         0.10000000000000053      1620266.0482128498
0.1                       0.10000000000000053      1623457.4891670384
0.2                       0.10000000000000053      1630246.6800211074
0.30000000000000004       0.10000000000000053      1642628.9342920925
0.4                       0.10000000000000053      1660256.8021266041
0.5                       0.10000000000000053      1681865.5926239362
0.6000000000000001        0.10000000000000053      1709678.7828720927
0.7000000000000001        0.10000000000000053      1742660.3989033862
0.8                       0.10000000000000053      1782321.0338900054
0.9000000000000001        0.10000000000000053      1824826.7176908976
1                         0.10000000000000053      1875920.7383231616
1.1                       0.10000000000000053      1940956.9868665026
1.2000000000000002        0.10000000000000053      2000289.571341437
1.3000000000000003        0.10000000000000053      2089651.5100720238
1.4000000000000001        0.10000000000000053      2181865.638823281
1.5                       0.10000000000000053      2306820.4778460716
1.6                       0.10000000000000053      2487115.4255186417
1.7000000000000002        0.10000000000000053      2701685.72353943
1.8000000000000003        0.10000000000000053      3058436.662098024
1.9000000000000001        0.10000000000000053      3654386.186971117
2                         0.10000000000000053      4683074.1549580265
0                         0.20000000000000018      1751234.597557836
0.1                       0.20000000000000018      1755049.39070349
0.2                       0.20000000000000018      1762575.7523571127
0.30000000000000004       0.20000000000000018      1774661.4009157044
0.4                       0.20000000000000018      1792491.8776886784
0.5                       0.20000000000000018      1814788.1584976886
0.6000000000000001        0.20000000000000018      1843411.3697904118
0.7000000000000001        0.20000000000000018      1877163.2664353384
0.8                       0.20000000000000018      1916621.6336502978
0.9000000000000001        0.20000000000000018      1966240.6386526935
1                         0.20000000000000018      2018706.373833557
1.1                       0.20000000000000018      2084925.1040073505
1.2000000000000002        0.20000000000000018      2171782.4134008633
1.3000000000000003        0.20000000000000018      2258481.443260038
1.4000000000000001        0.20000000000000018      2377406.3091108147
1.5                       0.20000000000000018      2534006.7795868265
1.6                       0.20000000000000018      2747726.827490728
1.7000000000000002        0.20000000000000018      3012440.144773931
1.8000000000000003        0.20000000000000018      3421992.009200337
1.9000000000000001        0.20000000000000018      4075963.057397052
2                         0.20000000000000018      5224330.174033506
0                         0.2999999999999998       1879010.1349233177
0.1                       0.2999999999999998       1882494.4466764873
0.2                       0.2999999999999998       1889145.2596357346
0.30000000000000004       0.2999999999999998       1901815.3207154514
0.4                       0.2999999999999998       1920046.3444051421
0.5                       0.2999999999999998       1942014.718972739
0.6000000000000001        0.2999999999999998       1971818.2239535027
0.7000000000000001        0.2999999999999998       2007415.2447334176
0.8                       0.2999999999999998       2052317.955645715
0.9000000000000001        0.2999999999999998       2099127.1402095454
1                         0.2999999999999998       2159859.658288323
1.1                       0.2999999999999998       2236133.6687281104
1.2000000000000002        0.2999999999999998       2316313.93563441
1.3000000000000003        0.2999999999999998       2428003.49600663
1.4000000000000001        0.2999999999999998       2556300.245645592
1.5                       0.2999999999999998       2737007.2755068075
1.6                       0.2999999999999998       2943700.027506968
1.7000000000000002        0.2999999999999998       3246957.66856691
1.8000000000000003        0.2999999999999998       3665761.246869983
1.9000000000000001        0.2999999999999998       4306043.315844663
2                         0.2999999999999998       5256772.277863253
0                         0.40000000000000036      2003408.5912345718
0.1                       0.40000000000000036      2003097.721905767
0.2                       0.40000000000000036      2010762.2607490898
0.30000000000000004       0.40000000000000036      2022899.1042034782
0.4                       0.40000000000000036      2041264.418317684
0.5                       0.40000000000000036      2064241.9164544514
0.6000000000000001        0.40000000000000036      2093807.8303677577
0.7000000000000001        0.40000000000000036      2129599.224761619
0.8                       0.40000000000000036      2171735.163960311
0.9000000000000001        0.40000000000000036      2225288.7311784658
1                         0.40000000000000036      2284764.6027480825
1.1                       0.40000000000000036      2359893.2390521728
1.2000000000000002        0.40000000000000036      2457858.8684076997
1.3000000000000003        0.40000000000000036      2561359.9550045016
1.4000000000000001        0.40000000000000036      2691396.4479041747
1.5                       0.40000000000000036      2876457.2776773074
1.6                       0.40000000000000036      3102724.8445743104
1.7000000000000002        0.40000000000000036      3411982.121704868
1.8000000000000003        0.40000000000000036      3825149.281218555
1.9000000000000001        0.40000000000000036      4342335.567515252
2                         0.40000000000000036      5030255.766259358
0                         0.5                      2114693.316667305
0.1                       0.5                      2118371.885945182
0.2                       0.5                      2124851.706664945
0.30000000000000004       0.5                      2137583.2107248013
0.4                       0.5                      2155984.2583292327
0.5                       0.5                      2177919.586602852
0.6000000000000001        0.5                      2208427.469214206
0.7000000000000001        0.5                      2244745.7094852463
0.8                       0.5                      2290324.1835451103
0.9000000000000001        0.5                      2339860.369313663
1                         0.5                      2402683.809651293
1.1                       0.5                      2481260.1976944227
1.2000000000000002        0.5                      2570874.4016603814
1.3000000000000003        0.5                      2686531.5411077267
1.4000000000000001        0.5                      2816460.2379879286
1.5                       0.5                      2984672.6354631186
1.6                       0.5                      3213909.3792792545
1.7000000000000002        0.5                      3466382.9232926625
1.8000000000000003        0.5                      3816755.910094832
1.9000000000000001        0.5                      4267695.728705281
2                         0.5                      4777996.476999896
0                         0.6000000000000006       2221046.1153122447
0.1                       0.6000000000000006       2225431.829249989
0.2                       0.6000000000000006       2232970.2615955253
0.30000000000000004       0.6000000000000006       2244769.4577919547
0.4                       0.6000000000000006       2262862.985074064
0.5                       0.6000000000000006       2285403.906148716
0.6000000000000001        0.6000000000000006       2314253.0723557123
0.7000000000000001        0.6000000000000006       2349659.3822621224
0.8                       0.6000000000000006       2391219.3869047137
0.9000000000000001        0.6000000000000006       2442569.919414378
1                         0.6000000000000006       2503565.6408773162
1.1                       0.6000000000000006       2575191.3192091314
1.2000000000000002        0.6000000000000006       2664403.3700370183
1.3000000000000003        0.6000000000000006       2766106.6483376003
1.4000000000000001        0.6000000000000006       2897605.132367534
1.5                       0.6000000000000006       3056801.32793414
1.6                       0.6000000000000006       3253262.797327533
1.7000000000000002        0.6000000000000006       3489590.4825169654
1.8000000000000003        0.6000000000000006       3792974.8126198496
1.9000000000000001        0.6000000000000006       4133848.030563302
2                         0.6000000000000006       4524506.612270475
0                         0.7000000000000002       2322813.6602953216
0.1                       0.7000000000000002       2326466.077288886
0.2                       0.7000000000000002       2332549.7326099337
0.30000000000000004       0.7000000000000002       2344725.525842191
0.4                       0.7000000000000002       2362289.8656863673
0.5                       0.7000000000000002       2383028.130981208
0.6000000000000001        0.7000000000000002       2411954.1672317553
0.7000000000000001        0.7000000000000002       2445989.235565765
0.8                       0.7000000000000002       2489611.5675895186
0.9000000000000001        0.7000000000000002       2534449.677506426
1                         0.7000000000000002       2590937.3256388367
1.1                       0.7000000000000002       2661380.427119417
1.2000000000000002        0.7000000000000002       2745264.606819017
1.3000000000000003        0.7000000000000002       2837884.2420608536
1.4000000000000001        0.7000000000000002       2954763.402526782
1.5                       0.7000000000000002       3092132.151497644
1.6                       0.7000000000000002       3254620.7169272117
1.7000000000000002        0.7000000000000002       3464661.6223026346
1.8000000000000003        0.7000000000000002       3719663.8640454435
1.9000000000000001        0.7000000000000002       3989669.6450703833
2                         0.7000000000000002       4275290.394539738
0                         0.8000000000000007       2414465.8932839357
0.1                       0.8000000000000007       2418721.6204712903
0.2                       0.8000000000000007       2425756.961812595
0.30000000000000004       0.8000000000000007       2436678.101691075
0.4                       0.8000000000000007       2453421.8925758824
0.5                       0.8000000000000007       2474099.548030617
0.6000000000000001        0.8000000000000007       2500329.856131085
0.7000000000000001        0.8000000000000007       2532110.744392764
0.8                       0.8000000000000007       2568960.9085663343
0.9000000000000001        0.8000000000000007       2613330.880806511
1                         0.8000000000000007       2665029.205042758
1.1                       0.8000000000000007       2724284.1403109794
1.2000000000000002        0.8000000000000007       2792106.401038891
1.3000000000000003        0.8000000000000007       2878261.3606477953
1.4000000000000001        0.8000000000000007       2974874.4645714234
1.5                       0.8000000000000007       3094252.5489110593
1.6                       0.8000000000000007       3239666.171706408
1.7000000000000002        0.8000000000000007       3403200.35377924
1.8000000000000003        0.8000000000000007       3605727.2810132215
1.9000000000000001        0.8000000000000007       3841244.894680954
2                         0.8000000000000007       4089788.516940672
0                         0.9000000000000004       2501428.321514059
0.1                       0.9000000000000004       2504846.321879099
0.2                       0.9000000000000004       2510315.2438815758
0.30000000000000004       0.9000000000000004       2521364.897020691
0.4                       0.9000000000000004       2537172.6649433947
0.5                       0.9000000000000004       2555607.240103524
0.6000000000000001        0.9000000000000004       2580954.2262229337
0.7000000000000001        0.9000000000000004       2610238.2587517477
0.8                       0.9000000000000004       2647402.8316565864
0.9000000000000001        0.9000000000000004       2683263.2910508
1                         0.9000000000000004       2728095.2264783336
1.1                       0.9000000000000004       2781264.4568869215
1.2000000000000002        0.9000000000000004       2836458.446699291
1.3000000000000003        0.9000000000000004       2903950.3831207654
1.4000000000000001        0.9000000000000004       2979161.1298401314
1.5                       0.9000000000000004       3064396.15693851
1.6                       0.9000000000000004       3176743.7212709934
1.7000000000000002        0.9000000000000004       3320237.0152192162
1.8000000000000003        0.9000000000000004       3480090.8307828293
1.9000000000000001        0.9000000000000004       3683189.539367324
2                         0.9000000000000004       3919326.564922129
0                         1                        2578459.980167449
0.1                       1                        2582385.1162044187
0.2                       1                        2588678.939139162
0.30000000000000004       1                        2598400.95754941
0.4                       1                        2613124.345509832
0.5                       1                        2631055.9039601497
0.6000000000000001        1                        2653531.4832379855
0.7000000000000001        1                        2679732.0993524916
0.8                       1                        2709465.43312723
0.9000000000000001        1                        2744096.2543384414
1                         1                        2780051.0139037855
1.1                       1                        2822211.3213733276
1.2000000000000002        1                        2868172.510966554
1.3000000000000003        1                        2907374.3997235987
1.4000000000000001        1                        2967106.8149829498
1.5                       1                        3033106.970695454
1.6                       1                        3086261.7049604035
1.7000000000000002        1                        3185741.2714045527
1.8000000000000003        1                        3322601.3098137965
1.9000000000000001        1                        3505273.242584958
2                         1                        3766114.5927463397
0                         1.1000000000000005       2651005.6404894325
0.1                       1.1000000000000005       2654110.5078612627
0.2                       1.1000000000000005       2658923.4454072574
0.30000000000000004       1.1000000000000005       2668691.3052654187
0.4                       1.1000000000000005       2682472.921818801
0.5                       1.1000000000000005       2698354.027985278
0.6000000000000001        1.1000000000000005       2719537.526511026
0.7000000000000001        1.1000000000000005       2743293.140861729
0.8                       1.1000000000000005       2771216.815155451
0.9000000000000001        1.1000000000000005       2798246.055430036
1                         1.1000000000000005       2829353.616981891
1.1                       1.1000000000000005       2861871.9024131726
1.2000000000000002        1.1000000000000005       2888012.35515345
1.3000000000000003        1.1000000000000005       2922924.177967261
1.4000000000000001        1.1000000000000005       2947891.878591783
1.5                       1.1000000000000005       2962096.2040740736
1.6                       1.1000000000000005       2993281.9716436365
1.7000000000000002        1.1000000000000005       3023823.3038371364
1.8000000000000003        1.1000000000000005       3085280.508289497
1.9000000000000001        1.1000000000000005       3259617.0943936855
2                         1.1000000000000005       3577030.1188907437
0                         1.2000000000000002       2714206.4737920878
0.1                       1.2000000000000002       2717805.9522333047
0.2                       1.2000000000000002       2723422.7428136077
0.30000000000000004       1.2000000000000002       2732079.995581345
0.4                       1.2000000000000002       2744967.1510117413
0.5                       1.2000000000000002       2760367.560690964
0.6000000000000001        1.2000000000000002       2779467.806716072
0.7000000000000001        1.2000000000000002       2800690.6951501477
0.8                       1.2000000000000002       2823956.167615724
0.9000000000000001        1.2000000000000002       2849040.360328275
1                         1.2000000000000002       2871417.678641617
1.1                       1.2000000000000002       2895833.0835246244
1.2000000000000002        1.2000000000000002       2918742.348883658
1.3000000000000003        1.2000000000000002       2928081.470302118
1.4000000000000001        1.2000000000000002       2924649.9940232076
1.5                       1.2000000000000002       2908823.7165736514
1.6                       1.2000000000000002       2888062.1726271217
1.7000000000000002        1.2000000000000002       2847546.352423633
1.8000000000000003        1.2000000000000002       2807906.2914526
1.9000000000000001        1.2000000000000002       2882249.936472813
2                         1.2000000000000002       3251830.3657351476
0                         1.3000000000000007       2773181.4135632357
0.1                       1.3000000000000007       2776071.280935932
0.2                       1.3000000000000007       2780431.466683096
0.30000000000000004       1.3000000000000007       2789319.8559278864
0.4                       1.3000000000000007       2801693.89141955
0.5                       1.3000000000000007       2815889.998454541
0.6000000000000001        1.3000000000000007       2834171.124009935
0.7000000000000001        1.3000000000000007       2854011.9797235997
0.8                       1.3000000000000007       2875376.549541232
0.9000000000000001        1.3000000000000007       2896778.0512131336
1                         1.3000000000000007       2917860.4515153584
1.1                       1.3000000000000007       2935809.299643162
1.2000000000000002        1.3000000000000007       2943545.728529861
1.3000000000000003        1.3000000000000007       2944360.1038762615
1.4000000000000001        1.3000000000000007       2924168.700864394
1.5                       1.3000000000000007       2888698.196315417
1.6                       1.3000000000000007       2805395.206163721
1.7000000000000002        1.3000000000000007       2672227.8995984723
1.8000000000000003        1.3000000000000007       2462404.8294692207
1.9000000000000001        1.3000000000000007       2304611.986756218
2                         1.3000000000000007       2493858.7398306127
0                         1.4000000000000004       2823203.974536365
0.1                       1.4000000000000004       2826687.676507546
0.2                       1.4000000000000004       2831999.0611667326
0.30000000000000004       1.4000000000000004       2840181.529443211
0.4                       1.4000000000000004       2852266.9090188807
0.5                       1.4000000000000004       2866505.3376107924
0.6000000000000001        1.4000000000000004       2884143.8984041447
0.7000000000000001        1.4000000000000004       2903423.966407869
0.8                       1.4000000000000004       2923698.8687568842
0.9000000000000001        1.4000000000000004       2944295.6085304697
1                         1.4000000000000004       2962530.282340948
1.1                       1.4000000000000004       2977021.060475927
1.2000000000000002        1.4000000000000004       2987049.452407853
1.3000000000000003        1.4000000000000004       2981559.531766273
1.4000000000000001        1.4000000000000004       2956413.1605922543
1.5                       1.4000000000000004       2899820.0849482706
1.6                       1.4000000000000004       2785218.953760693
1.7000000000000002        1.4000000000000004       2598892.479882414
1.8000000000000003        1.4000000000000004       2242821.428391766
1.9000000000000001        1.4000000000000004       1656450.3507413983
2                         1.4000000000000004       1039967.9238000399
0                         1.5                      2869060.3179502254
0.1                       1.5                      2871963.9479135796
0.2                       1.5                      2876246.1206185925
0.30000000000000004       1.5                      2885067.743061569
0.4                       1.5                      2897323.4445915697
0.5                       1.5                      2911393.8917680923
0.6000000000000001        1.5                      2929489.8187077455
0.7000000000000001        1.5                      2948988.8076867242
0.8                       1.5                      2970132.811080398
0.9000000000000001        1.5                      2991818.506727018
1                         1.5                      3011783.473200242
1.1                       1.5                      3029056.023656935
1.2000000000000002        1.5                      3036636.6255926327
1.3000000000000003        1.5                      3036625.0686810054
1.4000000000000001        1.5                      3018088.9064955795
1.5                       1.5                      2960268.472049581
1.6                       1.5                      2854869.1978751523
1.7000000000000002        1.5                      2678003.684111366
1.8000000000000003        1.5                      2351984.7917156084
1.9000000000000001        1.5                      1755291.2760873311
2                         1.5                      0
0                         1.6000000000000005       2905716.0330018867
0.1                       1.6000000000000005       2909389.5127457487
0.2                       1.6000000000000005       2914909.536704769
0.30000000000000004       1.6000000000000005       2923411.3335422846
0.4                       1.6000000000000005       2936087.638010302
0.5                       1.6000000000000005       2951085.4653583495
0.6000000000000001        1.6000000000000005       2969945.824487966
0.7000000000000001        1.6000000000000005       2990960.9143683384
0.8                       1.6000000000000005       3013583.9869439327
0.9000000000000001        1.6000000000000005       3037780.007470571
1                         1.6000000000000005       3062589.512400152
1.1                       1.6000000000000005       3083246.9184711394
1.2000000000000002        1.6000000000000005       3101921.539135957
1.3000000000000003        1.6000000000000005       3110698.683169861
1.4000000000000001        1.6000000000000005       3112064.206259514
1.5                       1.6000000000000005       3078993.5810775245
1.6                       1.6000000000000005       3036075.667529097
1.7000000000000002        1.6000000000000005       2946941.0712483944
1.8000000000000003        1.6000000000000005       2813613.6189833465
1.9000000000000001        1.6000000000000005       2740018.0489124935
2                         1.6000000000000005       3174792.2670375304
0                         1.7000000000000002       2937938.8548647384
0.1                       1.7000000000000002       2941096.934966321
0.2                       1.7000000000000002       2945680.8989489335
0.30000000000000004       1.7000000000000002       2955273.6803653096
0.4                       1.7000000000000002       2968755.8276894153
0.5                       1.7000000000000002       2984176.2570284973
0.6000000000000001        1.7000000000000002       3004982.313648354
0.7000000000000001        1.7000000000000002       3027961.056952535
0.8                       1.7000000000000002       3053329.328408828
0.9000000000000001        1.7000000000000002       3081921.232953045
1                         1.7000000000000002       3111344.8388846675
1.1                       1.7000000000000002       3144281.6824045246
1.2000000000000002        1.7000000000000002       3171285.6827823967
1.3000000000000003        1.7000000000000002       3200634.161255962
1.4000000000000001        1.7000000000000002       3229949.3594828723
1.5                       1.7000000000000002       3242263.43563735
1.6                       1.7000000000000002       3275241.3592477585
1.7000000000000002        1.7000000000000002       3292127.7878541155
1.8000000000000003        1.7000000000000002       3375286.498683408
1.9000000000000001        1.7000000000000002       3680195.144061847
2                         1.7000000000000002       4515629.912204442
0                         1.8000000000000007       2960013.5011600438
0.1                       1.8000000000000007       2964113.7723260536
0.2                       1.8000000000000007       2970245.128394884
0.30000000000000004       1.8000000000000007       2979682.0726992306
0.4                       1.8000000000000007       2994033.055704132
0.5                       1.8000000000000007       3011301.4292140454
0.6000000000000001        1.8000000000000007       3033445.6595753455
0.7000000000000001        1.8000000000000007       3058970.0014337865
0.8                       1.8000000000000007       3088028.7172676814
0.9000000000000001        1.8000000000000007       3121966.539476948
1                         1.8000000000000007       3155724.86459028
1.1                       1.8000000000000007       3198826.3261320433
1.2000000000000002        1.8000000000000007       3246986.2047665846
1.3000000000000003        1.8000000000000007       3293123.3810484638
1.4000000000000001        1.8000000000000007       3343466.9099654853
1.5                       1.8000000000000007       3422708.191433915
1.6                       1.8000000000000007       3490773.0900632073
1.7000000000000002        1.8000000000000007       3619679.2107293396
1.8000000000000003        1.8000000000000007       3851760.4116339656
1.9000000000000001        1.8000000000000007       4281639.125026318
2                         1.8000000000000007       5127139.358972916
0                         1.9000000000000004       2977133.085482386
0.1                       1.9000000000000004       2980670.0073475996
0.2                       1.9000000000000004       2985764.152954143
0.30000000000000004       1.9000000000000004       2996580.7193092178
0.4                       1.9000000000000004       3011997.221738112
0.5                       1.9000000000000004       3029578.188670304
0.6000000000000001        1.9000000000000004       3054592.335501783
0.7000000000000001        1.9000000000000004       3083034.649529098
0.8                       1.9000000000000004       3114805.744085865
0.9000000000000001        1.9000000000000004       3154666.6230764585
1                         1.9000000000000004       3198738.837888844
1.1                       1.9000000000000004       3249667.656363696
1.2000000000000002        1.9000000000000004       3306112.0765513657
1.3000000000000003        1.9000000000000004       3376906.6522697825
1.4000000000000001        1.9000000000000004       3462795.952258639
1.5                       1.9000000000000004       3559912.660099886
1.6                       1.9000000000000004       3693814.3752635014
1.7000000000000002        1.9000000000000004       3883656.2151335306
1.8000000000000003        1.9000000000000004       4171866.521412259
1.9000000000000001        1.9000000000000004       4603094.787220508
2                         1.9000000000000004       5274805.183581929
0                         2                        2982823.238174617
0.1                       2                        2987388.6773800203
0.2                       2                        2994222.3683625846
0.30000000000000004       2                        3004738.97021329
0.4                       2                        3021014.256798102
0.5                       2                        3040888.566546032
0.6000000000000001        2                        3066720.4475112474
0.7000000000000001        2                        3097354.1840497344
0.8                       2                        3133618.2848703805
0.9000000000000001        2                        3177965.2262475058
1                         2                        3226558.0971200936
1.1                       2                        3288473.343455433
1.2000000000000002        2                        3360650.3912425265
1.3000000000000003        2                        3439276.178729176
1.4000000000000001        2                        3550084.4317088574
1.5                       2                        3681907.16965044
1.6                       2                        3866897.7782291295
1.7000000000000002        2                        4087250.7178341597
1.8000000000000003        2                        4371494.880489031
1.9000000000000001        2                        4752708.787191428
2                         2                        5256923.855290863
