% Model:              ring_decel_osterwalder.mph
% Version:            COMSOL 5.4.0.225
% Date:               Mar 20 2019, 06:44
% Dimension:          2
% Nodes:              1281
% Expressions:        1
% Description:        Electric field norm
% Length unit:        mm
% r                       z                        es.normE (V/m) @ ph=0.6545
0                         -4.25                    2992198.45706818
0.1                       -4.25                    2994593.8509484758
0.2                       -4.25                    3000458.631408626
0.30000000000000004       -4.25                    3009173.8621143093
0.4                       -4.25                    3022046.174029785
0.5                       -4.25                    3038186.7449628143
0.6000000000000001        -4.25                    3058062.725416459
0.7000000000000001        -4.25                    3079638.8051967877
0.8                       -4.25                    3104911.275251228
0.9000000000000001        -4.25                    3134365.8136562295
1                         -4.25                    3159817.206282037
1.1                       -4.25                    3190095.152733831
1.2000000000000002        -4.25                    3220453.59006674
1.3000000000000003        -4.25                    3247288.069925437
1.4000000000000001        -4.25                    3268087.961574875
1.5                       -4.25                    3283103.689538437
1.6                       -4.25                    3311534.713075736
1.7000000000000002        -4.25                    3323363.462612274
1.8000000000000003        -4.25                    3448914.2020971994
1.9000000000000001        -4.25                    3687645.194280354
2                         -4.25                    4423005.129923047
0                         -4.15                    2989762.022719309
0.1                       -4.15                    2992443.4523130227
0.2                       -4.15                    2998337.9070058325
0.30000000000000004       -4.15                    3007747.3582426873
0.4                       -4.15                    3022457.7229666766
0.5                       -4.15                    3038827.6604158054
0.6000000000000001        -4.15                    3060203.6351835653
0.7000000000000001        -4.15                    3086926.2009238163
0.8                       -4.15                    3114009.3293606983
0.9000000000000001        -4.15                    3145770.407723599
1                         -4.15                    3184907.155420305
1.1                       -4.15                    3222823.0798852015
1.2000000000000002        -4.15                    3262941.018935343
1.3000000000000003        -4.15                    3312373.9574565906
1.4000000000000001        -4.15                    3363464.490734563
1.5                       -4.15                    3427735.1888442934
1.6                       -4.15                    3495497.876054456
1.7000000000000002        -4.15                    3627677.7424952327
1.8000000000000003        -4.15                    3828760.850994223
1.9000000000000001        -4.15                    4167801.1519718627
2                         -4.15                    4789948.341830455
0                         -4.05                    2979562.9709811127
0.1                       -4.05                    2982251.0304423394
0.2                       -4.05                    2988842.710697562
0.30000000000000004       -4.05                    2998762.2281573582
0.4                       -4.05                    3013395.1584788817
0.5                       -4.05                    3032499.8701347513
0.6000000000000001        -4.05                    3056320.5343671977
0.7000000000000001        -4.05                    3083226.109587929
0.8                       -4.05                    3116088.503068465
0.9000000000000001        -4.05                    3156069.876790348
1                         -4.05                    3195648.6358333454
1.1                       -4.05                    3246709.7067933623
1.2000000000000002        -4.05                    3307598.478305063
1.3000000000000003        -4.05                    3366659.6388562266
1.4000000000000001        -4.05                    3456073.810326921
1.5                       -4.05                    3545318.942909862
1.6                       -4.05                    3662318.8521611216
1.7000000000000002        -4.05                    3848389.9195711785
1.8000000000000003        -4.05                    4073470.32030234
1.9000000000000001        -4.05                    4424966.865901455
2                         -4.05                    4912871.913210281
0                         -3.95                    2961090.9967217897
0.1                       -3.95                    2964062.4736339548
0.2                       -3.95                    2970712.672078355
0.30000000000000004       -3.95                    2981281.0056234132
0.4                       -3.95                    2997802.0291046635
0.5                       -3.95                    3017096.3386388184
0.6000000000000001        -3.95                    3042453.5679648174
0.7000000000000001        -3.95                    3074339.6013493445
0.8                       -3.95                    3108854.8208813653
0.9000000000000001        -3.95                    3151590.3932571015
1                         -3.95                    3204909.3745429153
1.1                       -3.95                    3260517.401287846
1.2000000000000002        -3.95                    3329146.998875689
1.3000000000000003        -3.95                    3418090.314882711
1.4000000000000001        -3.95                    3511764.398070031
1.5                       -3.95                    3634786.520791939
1.6                       -3.95                    3782722.8808680484
1.7000000000000002        -3.95                    3990850.282150793
1.8000000000000003        -3.95                    4251711.734776891
1.9000000000000001        -3.95                    4582489.768571689
2                         -3.95                    4969168.360196142
0                         -3.85                    2934049.707862583
0.1                       -3.85                    2937026.238906706
0.2                       -3.85                    2944150.5804112437
0.30000000000000004       -3.85                    2955153.943627601
0.4                       -3.85                    2971778.9244159358
0.5                       -3.85                    2992893.4968165075
0.6000000000000001        -3.85                    3020096.3087654375
0.7000000000000001        -3.85                    3052271.7931811353
0.8                       -3.85                    3091118.922322962
0.9000000000000001        -3.85                    3139718.4088043906
1                         -3.85                    3192994.8805225072
1.1                       -3.85                    3259228.869491605
1.2000000000000002        -3.85                    3345025.855479191
1.3000000000000003        -3.85                    3430736.242361878
1.4000000000000001        -3.85                    3551179.615553559
1.5                       -3.85                    3693341.719218077
1.6                       -3.85                    3870797.3344185925
1.7000000000000002        -3.85                    4101312.703291478
1.8000000000000003        -3.85                    4364974.223308052
1.9000000000000001        -3.85                    4676963.703924829
2                         -3.85                    5007859.635713224
0                         -3.75                    2898123.130460516
0.1                       -3.75                    2901224.9230819773
0.2                       -3.75                    2908452.171442926
0.30000000000000004       -3.75                    2919761.856769664
0.4                       -3.75                    2937241.5796484924
0.5                       -3.75                    2958657.240063317
0.6000000000000001        -3.75                    2986710.8838202814
0.7000000000000001        -3.75                    3021211.1220510793
0.8                       -3.75                    3060859.6823235033
0.9000000000000001        -3.75                    3111651.411101931
1                         -3.75                    3171924.770571435
1.1                       -3.75                    3238763.495119598
1.2000000000000002        -3.75                    3325370.01507041
1.3000000000000003        -3.75                    3431435.386112734
1.4000000000000001        -3.75                    3548490.1623179493
1.5                       -3.75                    3718624.7533839187
1.6                       -3.75                    3913257.654058321
1.7000000000000002        -3.75                    4162882.4791651806
1.8000000000000003        -3.75                    4444200.7402253095
1.9000000000000001        -3.75                    4754408.331341133
2                         -3.75                    5088714.929385726
0                         -3.65                    2853227.701558245
0.1                       -3.65                    2856350.411673684
0.2                       -3.65                    2863557.3195330664
0.30000000000000004       -3.65                    2875013.4147210894
0.4                       -3.65                    2892733.8347810423
0.5                       -3.65                    2914185.3206467303
0.6000000000000001        -3.65                    2942633.523460541
0.7000000000000001        -3.65                    2977637.352633107
0.8                       -3.65                    3017858.174991374
0.9000000000000001        -3.65                    3069696.15380746
1                         -3.65                    3129886.938741023
1.1                       -3.65                    3202587.263611935
1.2000000000000002        -3.65                    3292433.186897539
1.3000000000000003        -3.65                    3397593.7331483993
1.4000000000000001        -3.65                    3530967.1936170603
1.5                       -3.65                    3704313.743272161
1.6                       -3.65                    3905094.132407394
1.7000000000000002        -3.65                    4160010.080501331
1.8000000000000003        -3.65                    4475048.096412016
1.9000000000000001        -3.65                    4827337.34612174
2                         -3.65                    5210347.3871022975
0                         -3.55                    2799447.6258231765
0.1                       -3.55                    2802448.8706565453
0.2                       -3.55                    2809817.3169468427
0.30000000000000004       -3.55                    2821111.140355285
0.4                       -3.55                    2838137.6920482693
0.5                       -3.55                    2860050.460045027
0.6000000000000001        -3.55                    2888361.061962756
0.7000000000000001        -3.55                    2921669.0280133258
0.8                       -3.55                    2961983.102570249
0.9000000000000001        -3.55                    3014894.705152568
1                         -3.55                    3071800.203083375
1.1                       -3.55                    3143280.0383116654
1.2000000000000002        -3.55                    3228184.613093977
1.3000000000000003        -3.55                    3335829.499520109
1.4000000000000001        -3.55                    3468636.890954538
1.5                       -3.55                    3632800.285881384
1.6                       -3.55                    3852126.905644233
1.7000000000000002        -3.55                    4118683.8975036987
1.8000000000000003        -3.55                    4453520.087289115
1.9000000000000001        -3.55                    4888085.723700757
2                         -3.55                    5357284.436152882
0                         -3.45                    2736987.2765834974
0.1                       -3.45                    2740040.64370763
0.2                       -3.45                    2746854.484850873
0.30000000000000004       -3.45                    2757939.224330653
0.4                       -3.45                    2775386.026347557
0.5                       -3.45                    2795413.467982504
0.6000000000000001        -3.45                    2822316.6963545308
0.7000000000000001        -3.45                    2856555.820379033
0.8                       -3.45                    2893363.5324199637
0.9000000000000001        -3.45                    2940641.664737648
1                         -3.45                    2999237.634409562
1.1                       -3.45                    3069161.0014159805
1.2000000000000002        -3.45                    3143243.8940671086
1.3000000000000003        -3.45                    3242954.2910096184
1.4000000000000001        -3.45                    3375616.8771671955
1.5                       -3.45                    3531881.2910057115
1.6                       -3.45                    3750146.5801807744
1.7000000000000002        -3.45                    4006579.0519819073
1.8000000000000003        -3.45                    4372344.235098704
1.9000000000000001        -3.45                    4879136.663018251
2                         -3.45                    5506984.993425294
0                         -3.35                    2666359.093588935
0.1                       -3.35                    2669077.7951812516
0.2                       -3.35                    2676104.213511317
0.30000000000000004       -3.35                    2686660.837067038
0.4                       -3.35                    2702000.3212812
0.5                       -3.35                    2722718.363019718
0.6000000000000001        -3.35                    2748670.0329298885
0.7000000000000001        -3.35                    2777737.417284467
0.8                       -3.35                    2814110.8620737395
0.9000000000000001        -3.35                    2861380.803856624
1                         -3.35                    2906723.3246537345
1.1                       -3.35                    2966034.9443869726
1.2000000000000002        -3.35                    3043492.7432519626
1.3000000000000003        -3.35                    3140335.8024619655
1.4000000000000001        -3.35                    3242403.7123833057
1.5                       -3.35                    3374930.6096209087
1.6                       -3.35                    3558555.1760434164
1.7000000000000002        -3.35                    3837455.918640771
1.8000000000000003        -3.35                    4203517.240654991
1.9000000000000001        -3.35                    4751438.474496813
2                         -3.35                    5617752.627802588
0                         -3.2500000000000004      2588002.2967911675
0.1                       -3.2500000000000004      2590800.040929049
0.2                       -3.2500000000000004      2596958.2433579643
0.30000000000000004       -3.2500000000000004      2607089.6436191117
0.4                       -3.2500000000000004      2623106.4607573976
0.5                       -3.2500000000000004      2640689.835799932
0.6000000000000001        -3.2500000000000004      2664134.2570444224
0.7000000000000001        -3.2500000000000004      2694338.937320036
0.8                       -3.2500000000000004      2724886.3204377503
0.9000000000000001        -3.2500000000000004      2762263.276297724
1                         -3.2500000000000004      2810173.0498075504
1.1                       -3.2500000000000004      2859797.1819966678
1.2000000000000002        -3.2500000000000004      2915559.3074225322
1.3000000000000003        -3.2500000000000004      2985788.5996648786
1.4000000000000001        -3.2500000000000004      3071344.7219978976
1.5                       -3.2500000000000004      3184749.9632859267
1.6                       -3.2500000000000004      3328285.5834917077
1.7000000000000002        -3.2500000000000004      3518374.836815742
1.8000000000000003        -3.2500000000000004      3870337.384912539
1.9000000000000001        -3.2500000000000004      4471638.342619594
2                         -3.2500000000000004      5531398.097148611
0                         -3.15                    2502688.6456361027
0.1                       -3.15                    2505083.2027057465
0.2                       -3.15                    2511483.575714596
0.30000000000000004       -3.15                    2520995.921940307
0.4                       -3.15                    2534427.5452946494
0.5                       -3.15                    2552813.0247827573
0.6000000000000001        -3.15                    2574987.37542467
0.7000000000000001        -3.15                    2598980.137372664
0.8                       -3.15                    2628739.681269403
0.9000000000000001        -3.15                    2664538.5175767695
1                         -3.15                    2696885.9369393634
1.1                       -3.15                    2738675.3648904352
1.2000000000000002        -3.15                    2789642.9323192276
1.3000000000000003        -3.15                    2835743.5130338175
1.4000000000000001        -3.15                    2888717.0173058175
1.5                       -3.15                    2952098.656408097
1.6                       -3.15                    3044380.8797543426
1.7000000000000002        -3.15                    3166671.765280814
1.8000000000000003        -3.15                    3404338.478787178
1.9000000000000001        -3.15                    3835538.0007155975
2                         -3.15                    4964631.77529401
0                         -3.05                    2410936.5651575774
0.1                       -3.05                    2413419.601802025
0.2                       -3.05                    2419009.1655787374
0.30000000000000004       -3.05                    2428157.4235836696
0.4                       -3.05                    2442380.490518353
0.5                       -3.05                    2457772.7848910405
0.6000000000000001        -3.05                    2477693.8316471917
0.7000000000000001        -3.05                    2502676.0757235126
0.8                       -3.05                    2526892.4071777156
0.9000000000000001        -3.05                    2554332.7044032975
1                         -3.05                    2587695.6180425263
1.1                       -3.05                    2616196.3835927146
1.2000000000000002        -3.05                    2645439.547364288
1.3000000000000003        -3.05                    2679204.51431322
1.4000000000000001        -3.05                    2706416.103338514
1.5                       -3.05                    2723646.269864972
1.6                       -3.05                    2735821.8210264053
1.7000000000000002        -3.05                    2758615.9625265743
1.8000000000000003        -3.05                    2779666.6120734634
1.9000000000000001        -3.05                    2891528.723032847
2                         -3.05                    3504918.8650693092
0                         -2.95                    2313497.471953053
0.1                       -2.95                    2315682.96840797
0.2                       -2.95                    2321534.7540454483
0.30000000000000004       -2.95                    2330305.6723090177
0.4                       -2.95                    2342812.8903366653
0.5                       -2.95                    2358831.21243154
0.6000000000000001        -2.95                    2377894.171345009
0.7000000000000001        -2.95                    2398447.993334372
0.8                       -2.95                    2422140.7747165803
0.9000000000000001        -2.95                    2447733.74393715
1                         -2.95                    2470295.5719087874
1.1                       -2.95                    2495229.96666121
1.2000000000000002        -2.95                    2515076.6509604068
1.3000000000000003        -2.95                    2523152.9855843848
1.4000000000000001        -2.95                    2527360.3030109876
1.5                       -2.95                    2507811.6898149126
1.6                       -2.95                    2468121.762963742
1.7000000000000002        -2.95                    2353204.191084004
1.8000000000000003        -2.95                    2198389.8120165346
1.9000000000000001        -2.95                    1942515.4309427605
2                         -2.95                    1724749.768002351
0                         -2.8499999999999996      2210788.17652981
0.1                       -2.8499999999999996      2213062.4479699335
0.2                       -2.8499999999999996      2218493.704412585
0.30000000000000004       -2.8499999999999996      2227220.1097335354
0.4                       -2.8499999999999996      2240076.788616791
0.5                       -2.8499999999999996      2254976.4319780385
0.6000000000000001        -2.8499999999999996      2273161.2861562185
0.7000000000000001        -2.8499999999999996      2294561.8979565613
0.8                       -2.8499999999999996      2315823.553681464
0.9000000000000001        -2.8499999999999996      2337602.1206792556
1                         -2.8499999999999996      2360340.74120484
1.1                       -2.8499999999999996      2377796.3928043838
1.2000000000000002        -2.8499999999999996      2387191.555112205
1.3000000000000003        -2.8499999999999996      2395485.939702725
1.4000000000000001        -2.8499999999999996      2377140.3922941443
1.5                       -2.8499999999999996      2344122.716005551
1.6                       -2.8499999999999996      2226621.4131140416
1.7000000000000002        -2.8499999999999996      2091232.9636387622
1.8000000000000003        -2.8499999999999996      1833904.5877407056
1.9000000000000001        -2.8499999999999996      1345302.925316054
2                         -2.8499999999999996      503277.2042784465
0                         -2.75                    2103296.117276207
0.1                       -2.75                    2105491.8641940737
0.2                       -2.75                    2111223.5584547906
0.30000000000000004       -2.75                    2120061.222451083
0.4                       -2.75                    2132764.4363359613
0.5                       -2.75                    2148228.470075698
0.6000000000000001        -2.75                    2166621.085024666
0.7000000000000001        -2.75                    2187207.903331904
0.8                       -2.75                    2208888.5776867606
0.9000000000000001        -2.75                    2230575.046140813
1                         -2.75                    2251963.497946913
1.1                       -2.75                    2269893.209611577
1.2000000000000002        -2.75                    2278554.4990165103
1.3000000000000003        -2.75                    2277803.0113155027
1.4000000000000001        -2.75                    2255661.613239106
1.5                       -2.75                    2205033.1969493674
1.6                       -2.75                    2120209.8157210187
1.7000000000000002        -2.75                    1967654.5621296074
1.8000000000000003        -2.75                    1738393.0036687346
1.9000000000000001        -2.75                    1391197.4391927002
2                         -2.75                    1081057.4164893318
0                         -2.65                    1991223.0060926834
0.1                       -2.65                    1993514.1373425073
0.2                       -2.65                    1999351.1413300338
0.30000000000000004       -2.65                    2008594.9910702077
0.4                       -2.65                    2022011.2905012686
0.5                       -2.65                    2037980.3788213283
0.6000000000000001        -2.65                    2057377.5699518353
0.7000000000000001        -2.65                    2078929.6013199494
0.8                       -2.65                    2102302.9850200335
0.9000000000000001        -2.65                    2126134.6553278286
1                         -2.65                    2147837.622694473
1.1                       -2.65                    2167245.8800374474
1.2000000000000002        -2.65                    2182921.4001784343
1.3000000000000003        -2.65                    2188568.3868011613
1.4000000000000001        -2.65                    2172594.2405682565
1.5                       -2.65                    2132729.6975444085
1.6                       -2.65                    2063401.6779819818
1.7000000000000002        -2.65                    1958255.6427421435
1.8000000000000003        -2.65                    1805363.3485742395
1.9000000000000001        -2.65                    1634342.8010303061
2                         -2.65                    1561075.4338857352
0                         -2.55                    1874709.0835422426
0.1                       -2.55                    1877143.4804719638
0.2                       -2.55                    1883369.2492661674
0.30000000000000004       -2.55                    1893263.205676509
0.4                       -2.55                    1907636.4335755154
0.5                       -2.55                    1924782.912495873
0.6000000000000001        -2.55                    1945570.9911013872
0.7000000000000001        -2.55                    1969958.915623503
0.8                       -2.55                    1995160.7787137404
0.9000000000000001        -2.55                    2020852.9517846738
1                         -2.55                    2050711.794121638
1.1                       -2.55                    2075680.5769737978
1.2000000000000002        -2.55                    2094614.6271258504
1.3000000000000003        -2.55                    2110079.759787776
1.4000000000000001        -2.55                    2108926.211541726
1.5                       -2.55                    2098024.391969251
1.6                       -2.55                    2065163.274406337
1.7000000000000002        -2.55                    2008363.9545524507
1.8000000000000003        -2.55                    1922838.5370173468
1.9000000000000001        -2.55                    1869103.2915716688
2                         -2.55                    1866702.0432153728
0                         -2.45                    1753752.9731205571
0.1                       -2.45                    1756312.5412900336
0.2                       -2.45                    1763059.8028562467
0.30000000000000004       -2.45                    1773786.5287687886
0.4                       -2.45                    1789150.272872457
0.5                       -2.45                    1808208.7197303448
0.6000000000000001        -2.45                    1831676.116978685
0.7000000000000001        -2.45                    1857586.0217020167
0.8                       -2.45                    1887556.604070605
0.9000000000000001        -2.45                    1920670.152440082
1                         -2.45                    1951866.0653443
1.1                       -2.45                    1985425.4153491417
1.2000000000000002        -2.45                    2017810.6701907446
1.3000000000000003        -2.45                    2044345.900974584
1.4000000000000001        -2.45                    2071078.938452253
1.5                       -2.45                    2085950.5524754953
1.6                       -2.45                    2077087.3732058483
1.7000000000000002        -2.45                    2083159.0185775077
1.8000000000000003        -2.45                    2079125.060052843
1.9000000000000001        -2.45                    2086717.6020537391
2                         -2.45                    2120066.6821295302
0                         -2.3499999999999996      1628264.9793027388
0.1                       -2.3499999999999996      1631089.6983709284
0.2                       -2.3499999999999996      1638395.9858341883
0.30000000000000004       -2.3499999999999996      1650186.739772554
0.4                       -2.3499999999999996      1667308.0285422476
0.5                       -2.3499999999999996      1688158.2578865
0.6000000000000001        -2.3499999999999996      1713874.0593692807
0.7000000000000001        -2.3499999999999996      1744593.2270214055
0.8                       -2.3499999999999996      1777651.2696711747
0.9000000000000001        -2.3499999999999996      1814252.8696453285
1                         -2.3499999999999996      1857483.9023712608
1.1                       -2.3499999999999996      1900516.5124072924
1.2000000000000002        -2.3499999999999996      1940979.674507952
1.3000000000000003        -2.3499999999999996      1991885.843070989
1.4000000000000001        -2.3499999999999996      2036685.1160879654
1.5                       -2.3499999999999996      2074397.477232678
1.6                       -2.3499999999999996      2126338.9257090683
1.7000000000000002        -2.3499999999999996      2165849.417262096
1.8000000000000003        -2.3499999999999996      2223424.4082054063
1.9000000000000001        -2.3499999999999996      2289706.8972633164
2                         -2.3499999999999996      2374514.904014419
0                         -2.2500000000000004      1498168.8048454148
0.1                       -2.2500000000000004      1501190.551952101
0.2                       -2.2500000000000004      1509175.8692314208
0.30000000000000004       -2.2500000000000004      1522106.3673336827
0.4                       -2.2500000000000004      1540728.6885659283
0.5                       -2.2500000000000004      1563900.5841256676
0.6000000000000001        -2.2500000000000004      1593195.3360965222
0.7000000000000001        -2.2500000000000004      1626517.5573805685
0.8                       -2.2500000000000004      1665580.0393260347
0.9000000000000001        -2.2500000000000004      1711015.259744587
1                         -2.2500000000000004      1757837.367353458
1.1                       -2.2500000000000004      1811743.773416467
1.2000000000000002        -2.2500000000000004      1873691.6684906716
1.3000000000000003        -2.2500000000000004      1931332.4724136337
1.4000000000000001        -2.2500000000000004      2000362.3225804372
1.5                       -2.2500000000000004      2085181.574619399
1.6                       -2.2500000000000004      2165764.0798822027
1.7000000000000002        -2.2500000000000004      2262591.965745981
1.8000000000000003        -2.2500000000000004      2362824.8092401833
1.9000000000000001        -2.2500000000000004      2499328.1043222183
2                         -2.2500000000000004      2649041.9991772017
0                         -2.15                    1363398.1406169017
0.1                       -2.15                    1366672.7736518062
0.2                       -2.15                    1375506.3992526608
0.30000000000000004       -2.15                    1389772.3465647285
0.4                       -2.15                    1410213.4312768772
0.5                       -2.15                    1436055.0086695373
0.6000000000000001        -2.15                    1468115.121146783
0.7000000000000001        -2.15                    1505972.897540566
0.8                       -2.15                    1548890.2593496484
0.9000000000000001        -2.15                    1599301.035014124
1                         -2.15                    1656778.5865353916
1.1                       -2.15                    1721805.5786422633
1.2000000000000002        -2.15                    1787691.962461575
1.3000000000000003        -2.15                    1872884.2553459504
1.4000000000000001        -2.15                    1968294.3889714286
1.5                       -2.15                    2062107.366918182
1.6                       -2.15                    2195372.064274514
1.7000000000000002        -2.15                    2347460.790727547
1.8000000000000003        -2.15                    2509828.9658244904
1.9000000000000001        -2.15                    2711615.2479180605
2                         -2.15                    2938733.9889584235
0                         -2.05                    1223977.1806977198
0.1                       -2.05                    1227583.4242385342
0.2                       -2.05                    1237052.4606822731
0.30000000000000004       -2.05                    1252718.5081927609
0.4                       -2.05                    1275501.493364991
0.5                       -2.05                    1303277.756874021
0.6000000000000001        -2.05                    1339011.2199751998
0.7000000000000001        -2.05                    1381144.2914300505
0.8                       -2.05                    1429553.7961440552
0.9000000000000001        -2.05                    1487144.5874463695
1                         -2.05                    1551405.4467728355
1.1                       -2.05                    1624223.9078158662
1.2000000000000002        -2.05                    1709588.0416299086
1.3000000000000003        -2.05                    1812790.6295392355
1.4000000000000001        -2.05                    1915817.42668092
1.5                       -2.05                    2053674.736793372
1.6                       -2.05                    2216985.1903964826
1.7000000000000002        -2.05                    2409197.62683631
1.8000000000000003        -2.05                    2640141.5220331345
1.9000000000000001        -2.05                    2918580.7142163855
2                         -2.05                    3247874.236627238
0                         -1.9499999999999997      1080119.4663936757
0.1                       -1.9499999999999997      1083905.2607964724
0.2                       -1.9499999999999997      1094710.018924634
0.30000000000000004       -1.9499999999999997      1112057.7463738448
0.4                       -1.9499999999999997      1136400.1783575683
0.5                       -1.9499999999999997      1168082.5565573205
0.6000000000000001        -1.9499999999999997      1207207.8059396658
0.7000000000000001        -1.9499999999999997      1252211.2610956267
0.8                       -1.9499999999999997      1304968.0066143766
0.9000000000000001        -1.9499999999999997      1368873.311697281
1                         -1.9499999999999997      1438203.2004141908
1.1                       -1.9499999999999997      1521973.1733491374
1.2000000000000002        -1.9499999999999997      1617540.8845573168
1.3000000000000003        -1.9499999999999997      1722368.8069095842
1.4000000000000001        -1.9499999999999997      1860457.596579763
1.5                       -1.9499999999999997      2019424.3037935665
1.6                       -1.9499999999999997      2219897.894519133
1.7000000000000002        -1.9499999999999997      2447080.547126707
1.8000000000000003        -1.9499999999999997      2745827.5715303808
1.9000000000000001        -1.9499999999999997      3118286.2134432904
2                         -1.9499999999999997      3617505.5547043085
0                         -1.8499999999999996      932081.6655922601
0.1                       -1.8499999999999996      936442.4730614871
0.2                       -1.8499999999999996      947973.5089002947
0.30000000000000004       -1.8499999999999996      967304.780023446
0.4                       -1.8499999999999996      995393.6619852566
0.5                       -1.8499999999999996      1028804.2820553777
0.6000000000000001        -1.8499999999999996      1071643.2359330845
0.7000000000000001        -1.8499999999999996      1123168.4419440506
0.8                       -1.8499999999999996      1180437.9476042928
0.9000000000000001        -1.8499999999999996      1247226.9877331995
1                         -1.8499999999999996      1327686.4514742068
1.1                       -1.8499999999999996      1413845.5929820011
1.2000000000000002        -1.8499999999999996      1516849.2111717155
1.3000000000000003        -1.8499999999999996      1646311.294033951
1.4000000000000001        -1.8499999999999996      1786917.6820286862
1.5                       -1.8499999999999996      1971704.1839653205
1.6                       -1.8499999999999996      2164280.6737675127
1.7000000000000002        -1.8499999999999996      2468681.3288897043
1.8000000000000003        -1.8499999999999996      2828008.5206446354
1.9000000000000001        -1.8499999999999996      3289320.6383673484
2                         -1.8499999999999996      3968397.0006417804
0                         -1.75                    780484.3007344167
0.1                       -1.75                    785103.5080918719
0.2                       -1.75                    798928.4192200284
0.30000000000000004       -1.75                    820970.4124617695
0.4                       -1.75                    851167.5080475655
0.5                       -1.75                    890465.047464283
0.6000000000000001        -1.75                    938205.5512761952
0.7000000000000001        -1.75                    991572.9563316678
0.8                       -1.75                    1054130.622471644
0.9000000000000001        -1.75                    1130201.2835851256
1                         -1.75                    1208448.4676994504
1.1                       -1.75                    1303013.4103682037
1.2000000000000002        -1.75                    1414980.5672964973
1.3000000000000003        -1.75                    1546971.9529868448
1.4000000000000001        -1.75                    1702096.3333679785
1.5                       -1.75                    1876509.8903806426
1.6                       -1.75                    2129376.439361636
1.7000000000000002        -1.75                    2443039.741571568
1.8000000000000003        -1.75                    2859008.5513874423
1.9000000000000001        -1.75                    3446965.872406412
2                         -1.75                    4253010.088392066
0                         -1.65                    625837.2546276764
0.1                       -1.65                    631585.5074087746
0.2                       -1.65                    647226.9640039417
0.30000000000000004       -1.65                    673206.1867727234
0.4                       -1.65                    709914.2736808944
0.5                       -1.65                    752665.1417531772
0.6000000000000001        -1.65                    805584.3621098789
0.7000000000000001        -1.65                    868124.0220985853
0.8                       -1.65                    935456.4093321661
0.9000000000000001        -1.65                    1012574.0295140296
1                         -1.65                    1102663.4152761104
1.1                       -1.65                    1199347.6994634592
1.2000000000000002        -1.65                    1314818.7740679334
1.3000000000000003        -1.65                    1447357.6779854533
1.4000000000000001        -1.65                    1606385.6390146674
1.5                       -1.65                    1802772.201096781
1.6                       -1.65                    2050916.0344997284
1.7000000000000002        -1.65                    2379166.2466650535
1.8000000000000003        -1.65                    2828519.6101771235
1.9000000000000001        -1.65                    3474137.204078786
2                         -1.65                    4484409.206500435
0                         -1.55                    469097.6920435544
0.1                       -1.55                    475961.96442066954
0.2                       -1.55                    496621.99883644906
0.30000000000000004       -1.55                    528914.1544320519
0.4                       -1.55                    571456.470189601
0.5                       -1.55                    623885.8071631907
0.6000000000000001        -1.55                    685068.6916345368
0.7000000000000001        -1.55                    751327.8294334519
0.8                       -1.55                    825552.549179609
0.9000000000000001        -1.55                    912859.9517746825
1                         -1.55                    1000803.6688389789
1.1                       -1.55                    1103945.1673309356
1.2000000000000002        -1.55                    1222238.5572581806
1.3000000000000003        -1.55                    1354061.634764503
1.4000000000000001        -1.55                    1516010.6846132479
1.5                       -1.55                    1703379.8227146827
1.6                       -1.55                    1962641.7489123563
1.7000000000000002        -1.55                    2282652.744844968
1.8000000000000003        -1.55                    2738252.87792736
1.9000000000000001        -1.55                    3386548.9831183115
2                         -1.55                    4382206.681448684
0                         -1.4499999999999997      310925.37792782707
0.1                       -1.4499999999999997      321215.02184489364
0.2                       -1.4499999999999997      349489.49264212366
0.30000000000000004       -1.4499999999999997      392949.9918739282
0.4                       -1.4499999999999997      448636.94121516484
0.5                       -1.4499999999999997      510418.8710118522
0.6000000000000001        -1.4499999999999997      580428.7634525694
0.7000000000000001        -1.4499999999999997      657384.3683324686
0.8                       -1.4499999999999997      736773.2509025598
0.9000000000000001        -1.4499999999999997      826127.9729422991
1                         -1.4499999999999997      920174.4585510881
1.1                       -1.4499999999999997      1024532.2451376971
1.2000000000000002        -1.4499999999999997      1143021.758338206
1.3000000000000003        -1.4499999999999997      1265456.181933952
1.4000000000000001        -1.4499999999999997      1432158.5503781883
1.5                       -1.4499999999999997      1621519.964360529
1.6                       -1.4499999999999997      1857256.2362249915
1.7000000000000002        -1.4499999999999997      2170611.615485556
1.8000000000000003        -1.4499999999999997      2593296.191013694
1.9000000000000001        -1.4499999999999997      3187866.595592145
2                         -1.4499999999999997      4064799.6991846617
0                         -1.3499999999999996      152378.23399351683
0.1                       -1.3499999999999996      171573.2614381711
0.2                       -1.3499999999999996      219989.443447365
0.30000000000000004       -1.3499999999999996      283024.0164152532
0.4                       -1.3499999999999996      353939.64966572385
0.5                       -1.3499999999999996      429047.44134797424
0.6000000000000001        -1.3499999999999996      509155.2913583245
0.7000000000000001        -1.3499999999999996      591871.4254905097
0.8                       -1.3499999999999996      677915.4977545346
0.9000000000000001        -1.3499999999999996      770804.2596817047
1                         -1.3499999999999996      866497.1853374258
1.1                       -1.3499999999999996      971245.2671722085
1.2000000000000002        -1.3499999999999996      1089813.7480070002
1.3000000000000003        -1.3499999999999996      1207560.7886019847
1.4000000000000001        -1.3499999999999996      1368570.166751153
1.5                       -1.3499999999999996      1542092.1894486179
1.6                       -1.3499999999999996      1762007.5020423962
1.7000000000000002        -1.3499999999999996      2044614.1322912208
1.8000000000000003        -1.3499999999999996      2416604.068154575
1.9000000000000001        -1.3499999999999996      2939642.3512237477
2                         -1.3499999999999996      3705611.0653004865
0                         -1.25                    5920.467777895507
0.1                       -1.25                    79266.59491193884
0.2                       -1.25                    158465.3408655156
0.30000000000000004       -1.25                    238133.82344237756
0.4                       -1.25                    318929.9118794113
0.5                       -1.25                    400356.6758691669
0.6000000000000001        -1.25                    483809.0881195471
0.7000000000000001        -1.25                    568988.3076580274
0.8                       -1.25                    654792.5054798473
0.9000000000000001        -1.25                    748937.6446474545
1                         -1.25                    842272.6375392738
1.1                       -1.25                    943529.6239721124
1.2000000000000002        -1.25                    1056265.3948326395
1.3000000000000003        -1.25                    1176830.2658627606
1.4000000000000001        -1.25                    1316223.3726181695
1.5                       -1.25                    1477777.7854869857
1.6                       -1.25                    1672922.473695448
1.7000000000000002        -1.25                    1909755.4454298147
1.8000000000000003        -1.25                    2232369.564082177
1.9000000000000001        -1.25                    2646850.959916997
2                         -1.25                    3257249.236105252
0                         -1.15                    163066.6780473939
0.1                       -1.15                    181492.7794074818
0.2                       -1.15                    227343.1860011838
0.30000000000000004       -1.15                    288559.02858244895
0.4                       -1.15                    358485.36500387464
0.5                       -1.15                    431559.7243070013
0.6000000000000001        -1.15                    509771.0229213904
0.7000000000000001        -1.15                    591073.1526401252
0.8                       -1.15                    674695.5948614076
0.9000000000000001        -1.15                    761615.0411623507
1                         -1.15                    853389.6157454007
1.1                       -1.15                    950268.9372571638
1.2000000000000002        -1.15                    1053738.3898755535
1.3000000000000003        -1.15                    1157942.041071147
1.4000000000000001        -1.15                    1286422.7935426398
1.5                       -1.15                    1424512.486827758
1.6                       -1.15                    1582969.5207849103
1.7000000000000002        -1.15                    1794269.3614550333
1.8000000000000003        -1.15                    2048500.710129701
1.9000000000000001        -1.15                    2379285.5924534965
2                         -1.15                    2811471.9541599844
0                         -1.05                    318643.3239368548
0.1                       -1.05                    328518.667731152
0.2                       -1.05                    356485.5327258289
0.30000000000000004       -1.05                    398659.2644600332
0.4                       -1.05                    451554.4416352978
0.5                       -1.05                    512735.65663205023
0.6000000000000001        -1.05                    579735.5636065737
0.7000000000000001        -1.05                    650753.7190912291
0.8                       -1.05                    725192.350904013
0.9000000000000001        -1.05                    806378.1579453023
1                         -1.05                    887239.2415100114
1.1                       -1.05                    975601.1126910897
1.2000000000000002        -1.05                    1060436.3845103192
1.3000000000000003        -1.05                    1167807.2694775893
1.4000000000000001        -1.05                    1266711.8505042545
1.5                       -1.05                    1380756.5068191714
1.6                       -1.05                    1517571.0238282005
1.7000000000000002        -1.05                    1677038.3464315345
1.8000000000000003        -1.05                    1861605.8912687814
1.9000000000000001        -1.05                    2103151.425751777
2                         -1.05                    2415549.3449251787
0                         -0.9499999999999997      472129.38836404035
0.1                       -0.9499999999999997      479052.81473220116
0.2                       -0.9499999999999997      498526.81206726126
0.30000000000000004       -0.9499999999999997      529550.1310687193
0.4                       -0.9499999999999997      570942.8219816375
0.5                       -0.9499999999999997      619634.1810549248
0.6000000000000001        -0.9499999999999997      676065.6056221317
0.7000000000000001        -0.9499999999999997      737730.770553033
0.8                       -0.9499999999999997      804431.8587890445
0.9000000000000001        -0.9499999999999997      874339.2330597214
1                         -0.9499999999999997      947910.8364444565
1.1                       -0.9499999999999997      1024379.1156276683
1.2000000000000002        -0.9499999999999997      1102937.8065507086
1.3000000000000003        -0.9499999999999997      1185829.442457173
1.4000000000000001        -0.9499999999999997      1262481.2135601619
1.5                       -0.9499999999999997      1354953.7534531702
1.6                       -0.9499999999999997      1455431.2395173705
1.7000000000000002        -0.9499999999999997      1553443.6986259548
1.8000000000000003        -0.9499999999999997      1673179.9291133122
1.9000000000000001        -0.9499999999999997      1829276.7821571745
2                         -0.9499999999999997      2035349.1633810613
0                         -0.8499999999999996      623333.1458029592
0.1                       -0.8499999999999996      628635.6014672384
0.2                       -0.8499999999999996      643838.0010924387
0.30000000000000004       -0.8499999999999996      668255.8017938863
0.4                       -0.8499999999999996      701322.9724180066
0.5                       -0.8499999999999996      741833.6130418776
0.6000000000000001        -0.8499999999999996      788734.4970963777
0.7000000000000001        -0.8499999999999996      841178.4964748884
0.8                       -0.8499999999999996      897414.1456934109
0.9000000000000001        -0.8499999999999996      957457.6912865454
1                         -0.8499999999999996      1021610.8620785133
1.1                       -0.8499999999999996      1086421.8617715908
1.2000000000000002        -0.8499999999999996      1147447.6762228461
1.3000000000000003        -0.8499999999999996      1209329.6127377485
1.4000000000000001        -0.8499999999999996      1279279.4190018666
1.5                       -0.8499999999999996      1340370.4438601753
1.6                       -0.8499999999999996      1394000.3769543082
1.7000000000000002        -0.8499999999999996      1448445.6309635376
1.8000000000000003        -0.8499999999999996      1517448.5961918132
1.9000000000000001        -0.8499999999999996      1591743.0567062888
2                         -0.8499999999999996      1688881.8596904606
0                         -0.75                    772106.0493437344
0.1                       -0.75                    776432.9617800765
0.2                       -0.75                    788715.7297339852
0.30000000000000004       -0.75                    808622.497389041
0.4                       -0.75                    836008.7178909113
0.5                       -0.75                    869713.5428405795
0.6000000000000001        -0.75                    909694.6413557603
0.7000000000000001        -0.75                    953796.8353869064
0.8                       -0.75                    1003139.7329790331
0.9000000000000001        -0.75                    1055024.805321779
1                         -0.75                    1106942.2522036885
1.1                       -0.75                    1160736.750870045
1.2000000000000002        -0.75                    1214865.072254082
1.3000000000000003        -0.75                    1260062.0447141123
1.4000000000000001        -0.75                    1301063.4631976613
1.5                       -0.75                    1335395.6076671693
1.6                       -0.75                    1356024.0284178224
1.7000000000000002        -0.75                    1359264.7955879914
1.8000000000000003        -0.75                    1368775.7791590828
1.9000000000000001        -0.75                    1349984.5575935077
2                         -0.75                    1380622.7659941586
0                         -0.65                    918443.4979768157
0.1                       -0.65                    922114.9296848392
0.2                       -0.65                    932482.8773418593
0.30000000000000004       -0.65                    949314.1982431081
0.4                       -0.65                    972656.900501079
0.5                       -0.65                    1001302.2401661711
0.6000000000000001        -0.65                    1035032.6723418275
0.7000000000000001        -0.65                    1073703.790630473
0.8                       -0.65                    1114869.7458564113
0.9000000000000001        -0.65                    1156789.5054098056
1                         -0.65                    1203607.0405729476
1.1                       -0.65                    1246893.8803315419
1.2000000000000002        -0.65                    1280702.2314525158
1.3000000000000003        -0.65                    1320130.5716099031
1.4000000000000001        -0.65                    1345231.974526025
1.5                       -0.65                    1347646.4743480736
1.6                       -0.65                    1325587.2112296356
1.7000000000000002        -0.65                    1293647.1317684501
1.8000000000000003        -0.65                    1240492.0713557948
1.9000000000000001        -0.65                    1155913.522330272
2                         -0.65                    1086333.7971650055
0                         -0.5499999999999998      1062377.3340787333
0.1                       -0.5499999999999998      1065555.2177447777
0.2                       -0.5499999999999998      1074492.1271794057
0.30000000000000004       -0.5499999999999998      1088983.574624074
0.4                       -0.5499999999999998      1109155.0166993479
0.5                       -0.5499999999999998      1134056.2682308403
0.6000000000000001        -0.5499999999999998      1163628.404482468
0.7000000000000001        -0.5499999999999998      1196251.4423840237
0.8                       -0.5499999999999998      1232498.5065849358
0.9000000000000001        -0.5499999999999998      1270106.3958284478
1                         -0.5499999999999998      1305749.801709755
1.1                       -0.5499999999999998      1340402.4422180525
1.2000000000000002        -0.5499999999999998      1372193.4757992139
1.3000000000000003        -0.5499999999999998      1389707.9515806802
1.4000000000000001        -0.5499999999999998      1396196.039357884
1.5                       -0.5499999999999998      1384276.9078039785
1.6                       -0.5499999999999998      1338220.9240528543
1.7000000000000002        -0.5499999999999998      1261620.356883227
1.8000000000000003        -0.5499999999999998      1147051.0491949047
1.9000000000000001        -0.5499999999999998      982040.4809711294
2                         -0.5499999999999998      822675.797127074
0                         -0.44999999999999973     1203933.178505768
0.1                       -0.44999999999999973     1206756.7897054912
0.2                       -0.44999999999999973     1214750.9447772477
0.30000000000000004       -0.44999999999999973     1227598.2167469999
0.4                       -0.44999999999999973     1245492.9595500266
0.5                       -0.44999999999999973     1267532.959980163
0.6000000000000001        -0.44999999999999973     1293520.0826580194
0.7000000000000001        -0.44999999999999973     1323100.307379671
0.8                       -0.44999999999999973     1354625.6499890888
0.9000000000000001        -0.44999999999999973     1385425.1234213624
1                         -0.44999999999999973     1419459.6234447744
1.1                       -0.44999999999999973     1448856.4053018368
1.2000000000000002        -0.44999999999999973     1467579.0493919568
1.3000000000000003        -0.44999999999999973     1484207.0397878021
1.4000000000000001        -0.44999999999999973     1481696.9255333734
1.5                       -0.44999999999999973     1450486.8336344492
1.6                       -0.44999999999999973     1391205.0825081158
1.7000000000000002        -0.44999999999999973     1288472.6365822272
1.8000000000000003        -0.44999999999999973     1124983.3282010127
1.9000000000000001        -0.44999999999999973     903781.5694561996
2                         -0.44999999999999973     627487.8955775257
0                         -0.34999999999999964     1343054.420082814
0.1                       -0.34999999999999964     1345706.8164636572
0.2                       -0.34999999999999964     1352845.6436376292
0.30000000000000004       -0.34999999999999964     1364517.4427481373
0.4                       -0.34999999999999964     1381157.1563215356
0.5                       -0.34999999999999964     1400976.0232995606
0.6000000000000001        -0.34999999999999964     1424775.8762832829
0.7000000000000001        -0.34999999999999964     1451836.434933948
0.8                       -0.34999999999999964     1480497.7693639516
0.9000000000000001        -0.34999999999999964     1509982.1773504708
1                         -0.34999999999999964     1538603.3482398593
1.1                       -0.34999999999999964     1563123.525392427
1.2000000000000002        -0.34999999999999964     1586695.6569810791
1.3000000000000003        -0.34999999999999964     1601411.1095622596
1.4000000000000001        -0.34999999999999964     1587557.2537313746
1.5                       -0.34999999999999964     1557204.2116111421
1.6                       -0.34999999999999964     1487949.89230249
1.7000000000000002        -0.34999999999999964     1376258.648676287
1.8000000000000003        -0.34999999999999964     1198380.008685689
1.9000000000000001        -0.34999999999999964     949919.4532553017
2                         -0.34999999999999964     609907.7968588021
0                         -0.25                    1479628.8855434556
0.1                       -0.25                    1482041.6767510818
0.2                       -0.25                    1489005.0533912766
0.30000000000000004       -0.25                    1499924.7900733526
0.4                       -0.25                    1515060.122255186
0.5                       -0.25                    1534281.0752510924
0.6000000000000001        -0.25                    1557034.439086045
0.7000000000000001        -0.25                    1582127.3449981338
0.8                       -0.25                    1610074.0082691237
0.9000000000000001        -0.25                    1638955.6826393646
1                         -0.25                    1667836.111478217
1.1                       -0.25                    1694231.1882032442
1.2000000000000002        -0.25                    1715273.0490921666
1.3000000000000003        -0.25                    1723633.1725713958
1.4000000000000001        -0.25                    1725463.194494479
1.5                       -0.25                    1715372.7798260537
1.6                       -0.25                    1654824.9045964736
1.7000000000000002        -0.25                    1588174.8656195472
1.8000000000000003        -0.25                    1417969.429371437
1.9000000000000001        -0.25                    1185093.1985636766
2                         -0.25                    879625.785644495
0                         -0.14999999999999947     1613296.0334785348
0.1                       -0.14999999999999947     1615839.1676761885
0.2                       -0.14999999999999947     1622195.1273837616
0.30000000000000004       -0.14999999999999947     1632776.0735321324
0.4                       -0.14999999999999947     1648460.4572800554
0.5                       -0.14999999999999947     1666183.1192463299
0.6000000000000001        -0.14999999999999947     1688295.9039593593
0.7000000000000001        -0.14999999999999947     1715126.7122189724
0.8                       -0.14999999999999947     1742161.7323284186
0.9000000000000001        -0.14999999999999947     1770462.4879631177
1                         -0.14999999999999947     1802919.4122063348
1.1                       -0.14999999999999947     1833385.0195904667
1.2000000000000002        -0.14999999999999947     1861177.083893524
1.3000000000000003        -0.14999999999999947     1886526.180639122
1.4000000000000001        -0.14999999999999947     1915094.1352147192
1.5                       -0.14999999999999947     1902905.4047716956
1.6                       -0.14999999999999947     1894007.0345024758
1.7000000000000002        -0.14999999999999947     1854432.3621517832
1.8000000000000003        -0.14999999999999947     1782953.3671983506
1.9000000000000001        -0.14999999999999947     1657744.3461033062
2                         -0.14999999999999947     1483153.6030583791
0                         -0.04999999999999983     1743713.5587524495
0.1                       -0.04999999999999983     1746062.3037891884
0.2                       -0.04999999999999983     1752884.518913733
0.30000000000000004       -0.04999999999999983     1763338.8096484204
0.4                       -0.04999999999999983     1777841.1771875946
0.5                       -0.04999999999999983     1797091.391785571
0.6000000000000001        -0.04999999999999983     1820239.5108087186
0.7000000000000001        -0.04999999999999983     1845299.264784738
0.8                       -0.04999999999999983     1875243.3374980453
0.9000000000000001        -0.04999999999999983     1910336.6595601446
1                         -0.04999999999999983     1942221.1977423625
1.1                       -0.04999999999999983     1977150.388770652
1.2000000000000002        -0.04999999999999983     2018923.608983791
1.3000000000000003        -0.04999999999999983     2057433.1511971187
1.4000000000000001        -0.04999999999999983     2094588.1005891825
1.5                       -0.04999999999999983     2136140.110547787
1.6                       -0.04999999999999983     2175168.377798276
1.7000000000000002        -0.04999999999999983     2202935.9772884212
1.8000000000000003        -0.04999999999999983     2258466.017928132
1.9000000000000001        -0.04999999999999983     2376577.93793932
2                         -0.04999999999999983     2721638.287082032
0                         0.04999999999999983      1870168.7607697155
0.1                       0.04999999999999983      1872870.2110993138
0.2                       0.04999999999999983      1879195.1389380067
0.30000000000000004       0.04999999999999983      1889868.9643793288
0.4                       0.04999999999999983      1906245.5846252076
0.5                       0.04999999999999983      1924256.074660648
0.6000000000000001        0.04999999999999983      1947895.0102672977
0.7000000000000001        0.04999999999999983      1978074.4656075046
0.8                       0.04999999999999983      2008257.8644760982
0.9000000000000001        0.04999999999999983      2042685.125455978
1                         0.04999999999999983      2087994.0302231752
1.1                       0.04999999999999983      2132189.5277748075
1.2000000000000002        0.04999999999999983      2180088.452894651
1.3000000000000003        0.04999999999999983      2233748.995270399
1.4000000000000001        0.04999999999999983      2297649.5886557424
1.5                       0.04999999999999983      2385256.341453601
1.6                       0.04999999999999983      2477872.1214838554
1.7000000000000002        0.04999999999999983      2612518.3311084933
1.8000000000000003        0.04999999999999983      2816406.387203507
1.9000000000000001        0.04999999999999983      3227455.1494413298
2                         0.04999999999999983      4069507.981822922
0                         0.15000000000000036      1992122.0873486444
0.1                       0.15000000000000036      1994653.0659309302
0.2                       0.15000000000000036      2001808.0671651312
0.30000000000000004       0.15000000000000036      2012691.199660727
0.4                       0.15000000000000036      2028025.456641839
0.5                       0.15000000000000036      2048864.21652888
0.6000000000000001        0.15000000000000036      2074434.7389262177
0.7000000000000001        0.15000000000000036      2102699.7310099606
0.8                       0.15000000000000036      2138003.0307994704
0.9000000000000001        0.15000000000000036      2181592.484029812
1                         0.15000000000000036      2224272.773368585
1.1                       0.15000000000000036      2278941.0316886296
1.2000000000000002        0.15000000000000036      2345950.9904256645
1.3000000000000003        0.15000000000000036      2416175.239399346
1.4000000000000001        0.15000000000000036      2507958.606624379
1.5                       0.15000000000000036      2629047.6319601354
1.6                       0.15000000000000036      2768485.005535457
1.7000000000000002        0.15000000000000036      3005380.378206011
1.8000000000000003        0.15000000000000036      3340532.088312351
1.9000000000000001        0.15000000000000036      3918404.783917006
2                         0.15000000000000036      5094790.032136009
0                         0.25                     2108657.3629836543
0.1                       0.25                     2111609.65539344
0.2                       0.25                     2118328.937611745
0.30000000000000004       0.25                     2129630.6539764665
0.4                       0.25                     2147233.609742552
0.5                       0.25                     2166877.881084363
0.6000000000000001        0.25                     2193503.8206446343
0.7000000000000001        0.25                     2227738.840502005
0.8                       0.25                     2262988.7961204536
0.9000000000000001        0.25                     2306397.565536866
1                         0.25                     2366011.453736753
1.1                       0.25                     2422906.8031889275
1.2000000000000002        0.25                     2496893.9432731094
1.3000000000000003        0.25                     2596096.3391588856
1.4000000000000001        0.25                     2703719.2791280784
1.5                       0.25                     2843931.4990648706
1.6                       0.25                     3042708.212765984
1.7000000000000002        0.25                     3341442.9560860805
1.8000000000000003        0.25                     3712533.242141697
1.9000000000000001        0.25                     4349545.603147076
2                         0.25                     5449503.852737004
0                         0.35000000000000053      2219183.5423820685
0.1                       0.35000000000000053      2221986.547211551
0.2                       0.35000000000000053      2229510.8350293515
0.30000000000000004       0.35000000000000053      2241054.8313899073
0.4                       0.35000000000000053      2257726.14559882
0.5                       0.35000000000000053      2280129.1044726027
0.6000000000000001        0.35000000000000053      2308218.570250674
0.7000000000000001        0.35000000000000053      2340511.2056228523
0.8                       0.35000000000000053      2380854.069217708
0.9000000000000001        0.35000000000000053      2431281.016011928
1                         0.35000000000000053      2485775.628838486
1.1                       0.35000000000000053      2558246.5649014665
1.2000000000000002        0.35000000000000053      2638394.8243429814
1.3000000000000003        0.35000000000000053      2738941.1032100795
1.4000000000000001        0.35000000000000053      2870324.6124850526
1.5                       0.35000000000000053      3030917.728902169
1.6                       0.35000000000000053      3268616.0019658115
1.7000000000000002        0.35000000000000053      3543598.8086231244
1.8000000000000003        0.35000000000000053      3940871.8294350803
1.9000000000000001        0.35000000000000053      4547954.726186422
2                         0.35000000000000053      5424896.622207769
0                         0.4500000000000002       2322851.416238974
0.1                       0.4500000000000002       2325976.765560039
0.2                       0.4500000000000002       2333123.858110846
0.30000000000000004       0.4500000000000002       2344907.6447466747
0.4                       0.4500000000000002       2363222.7129196874
0.5                       0.4500000000000002       2384497.5248727715
0.6000000000000001        0.4500000000000002       2413385.659911891
0.7000000000000001        0.4500000000000002       2449668.658429913
0.8                       0.4500000000000002       2488997.057038875
0.9000000000000001        0.4500000000000002       2538958.302342583
1                         0.4500000000000002       2605035.264652373
1.1                       0.4500000000000002       2671588.230145463
1.2000000000000002        0.4500000000000002       2760485.4123553946
1.3000000000000003        0.4500000000000002       2864182.815822448
1.4000000000000001        0.4500000000000002       3003469.601659434
1.5                       0.4500000000000002       3181661.814586648
1.6                       0.4500000000000002       3396346.6145393867
1.7000000000000002        0.4500000000000002       3685009.2332792236
1.8000000000000003        0.4500000000000002       4063179.9004341266
1.9000000000000001        0.4500000000000002       4567556.190493395
2                         0.4500000000000002       5203838.615505055
0                         0.5500000000000007       2419203.992696051
0.1                       0.5500000000000007       2422200.177212657
0.2                       0.5500000000000007       2429785.501292947
0.30000000000000004       0.5500000000000007       2441625.2893339666
0.4                       0.5500000000000007       2459152.724788675
0.5                       0.5500000000000007       2481804.1056479225
0.6000000000000001        0.5500000000000007       2510902.2299882267
0.7000000000000001        0.5500000000000007       2545485.949235136
0.8                       0.5500000000000007       2588133.390934308
0.9000000000000001        0.5500000000000007       2639477.1375773656
1                         0.5500000000000007       2699715.470963361
1.1                       0.5500000000000007       2777926.0294356756
1.2000000000000002        0.5500000000000007       2861753.720990002
1.3000000000000003        0.5500000000000007       2970960.4683654034
1.4000000000000001        0.5500000000000007       3101942.3407584964
1.5                       0.5500000000000007       3276423.735529754
1.6                       0.5500000000000007       3487867.150352665
1.7000000000000002        0.5500000000000007       3763271.48075999
1.8000000000000003        0.5500000000000007       4100883.149607054
1.9000000000000001        0.5500000000000007       4495432.60849607
2                         0.5500000000000007       4962773.972827869
0                         0.6500000000000004       2507712.333511392
0.1                       0.6500000000000004       2510826.497065953
0.2                       0.6500000000000004       2518103.6010655523
0.30000000000000004       0.6500000000000004       2529753.3871020516
0.4                       0.6500000000000004       2547646.9296915666
0.5                       0.6500000000000004       2569364.6413139096
0.6000000000000001        0.6500000000000004       2598216.2901173644
0.7000000000000001        0.6500000000000004       2633229.54152505
0.8                       0.6500000000000004       2673056.3782511763
0.9000000000000001        0.6500000000000004       2726577.6354653207
1                         0.6500000000000004       2785780.538839156
1.1                       0.6500000000000004       2853698.411609698
1.2000000000000002        0.6500000000000004       2941504.606747476
1.3000000000000003        0.6500000000000004       3051530.229058179
1.4000000000000001        0.6500000000000004       3176607.4852867983
1.5                       0.6500000000000004       3335006.2056209124
1.6                       0.6500000000000004       3535568.231180093
1.7000000000000002        0.6500000000000004       3772914.303440862
1.8000000000000003        0.6500000000000004       4053200.6991915847
1.9000000000000001        0.6500000000000004       4385266.394276631
2                         0.6500000000000004       4745251.986910746
0                         0.75                     2588183.607527884
0.1                       0.75                     2591185.151947486
0.2                       0.75                     2598391.7755150804
0.30000000000000004       0.75                     2609842.4530407507
0.4                       0.75                     2627119.832882795
0.5                       0.75                     2648294.6857319586
0.6000000000000001        0.75                     2676072.612359103
0.7000000000000001        0.75                     2709782.5959428297
0.8                       0.75                     2748782.4553649905
0.9000000000000001        0.75                     2796434.503316
1                         0.75                     2853639.858089483
1.1                       0.75                     2920691.2116919653
1.2000000000000002        0.75                     2998464.7164382576
1.3000000000000003        0.75                     3091092.610715497
1.4000000000000001        0.75                     3210130.7611549934
1.5                       0.75                     3347568.8982902276
1.6                       0.75                     3527642.7737528007
1.7000000000000002        0.75                     3744390.955706937
1.8000000000000003        0.75                     3986982.497263969
1.9000000000000001        0.75                     4268021.732782337
2                         0.75                     4561349.582819157
0                         0.8500000000000006       2660516.7031496423
0.1                       0.8500000000000006       2663430.7261732006
0.2                       0.8500000000000006       2670401.253903179
0.30000000000000004       0.8500000000000006       2681220.80158363
0.4                       0.8500000000000006       2697579.893643155
0.5                       0.8500000000000006       2718059.1567489607
0.6000000000000001        0.8500000000000006       2744397.438761041
0.7000000000000001        0.8500000000000006       2775168.105650424
0.8                       0.8500000000000006       2811678.737537944
0.9000000000000001        0.8500000000000006       2857860.8633957068
1                         0.8500000000000006       2906668.0802935124
1.1                       0.8500000000000006       2966518.335926468
1.2000000000000002        0.8500000000000006       3039799.896715518
1.3000000000000003        0.8500000000000006       3120194.077226884
1.4000000000000001        0.8500000000000006       3219259.7497781054
1.5                       0.8500000000000006       3344122.1545277475
1.6                       0.8500000000000006       3478300.2088120463
1.7000000000000002        0.8500000000000006       3665995.4601302054
1.8000000000000003        0.8500000000000006       3877433.9814788685
1.9000000000000001        0.8500000000000006       4144639.7546128305
2                         0.8500000000000006       4416448.382314231
0                         0.9500000000000002       2724792.1487674066
0.1                       0.9500000000000002       2727608.6030448764
0.2                       0.9500000000000002       2734115.5470908093
0.30000000000000004       0.9500000000000002       2744560.729695043
0.4                       0.9500000000000002       2760251.6378132124
0.5                       0.9500000000000002       2778917.7710517207
0.6000000000000001        0.9500000000000002       2803313.328141058
0.7000000000000001        0.9500000000000002       2833199.240665094
0.8                       0.9500000000000002       2865145.903823752
0.9000000000000001        0.9500000000000002       2903973.1431855485
1                         0.9500000000000002       2951303.6664726487
1.1                       0.9500000000000002       2998880.582750183
1.2000000000000002        0.9500000000000002       3057516.541472029
1.3000000000000003        0.9500000000000002       3124205.385577235
1.4000000000000001        0.9500000000000002       3199820.7408340643
1.5                       0.9500000000000002       3288583.8656541915
1.6                       0.9500000000000002       3415737.5009432705
1.7000000000000002        0.9500000000000002       3556986.52634052
1.8000000000000003        0.9500000000000002       3748617.66654153
1.9000000000000001        0.9500000000000002       3997879.4948997432
2                         0.9500000000000002       4298520.8518501
0                         1.0500000000000007       2781247.2686413503
0.1                       1.0500000000000007       2783867.0576083725
0.2                       1.0500000000000007       2790201.029046648
0.30000000000000004       1.0500000000000007       2799812.3165241443
0.4                       1.0500000000000007       2814134.2392374454
0.5                       1.0500000000000007       2832127.231708252
0.6000000000000001        1.0500000000000007       2854558.7420309903
0.7000000000000001        1.0500000000000007       2879767.009289401
0.8                       1.0500000000000007       2909898.2553948644
0.9000000000000001        1.0500000000000007       2944993.6164910067
1                         1.0500000000000007       2979868.200491525
1.1                       1.0500000000000007       3022593.913331161
1.2000000000000002        1.0500000000000007       3067042.1510845614
1.3000000000000003        1.0500000000000007       3113204.979336901
1.4000000000000001        1.0500000000000007       3161921.6151987757
1.5                       1.0500000000000007       3226094.251303049
1.6                       1.0500000000000007       3304930.388688857
1.7000000000000002        1.0500000000000007       3416855.0904290313
1.8000000000000003        1.0500000000000007       3562632.799304642
1.9000000000000001        1.0500000000000007       3798694.416960774
2                         1.0500000000000007       4166921.8278044243
0                         1.1500000000000004       2830119.7153813406
0.1                       1.1500000000000004       2832659.530021726
0.2                       1.1500000000000004       2838444.2920760317
0.30000000000000004       1.1500000000000004       2847684.4815475
0.4                       1.1500000000000004       2861679.464584655
0.5                       1.1500000000000004       2877343.529791408
0.6000000000000001        1.1500000000000004       2897770.855046048
0.7000000000000001        1.1500000000000004       2922286.0917810933
0.8                       1.1500000000000004       2946919.653450991
0.9000000000000001        1.1500000000000004       2974465.3852816466
1                         1.1500000000000004       3008249.225460991
1.1                       1.1500000000000004       3037289.4780206326
1.2000000000000002        1.1500000000000004       3066430.7102662805
1.3000000000000003        1.1500000000000004       3091560.3468557913
1.4000000000000001        1.1500000000000004       3122034.4147133087
1.5                       1.1500000000000004       3153944.19514905
1.6                       1.1500000000000004       3169918.431403595
1.7000000000000002        1.1500000000000004       3213652.8930562846
1.8000000000000003        1.1500000000000004       3302896.0803233674
1.9000000000000001        1.1500000000000004       3505929.67575619
2                         1.1500000000000004       3972009.2785044885
0                         1.25                     2871747.3408533167
0.1                       1.25                     2874127.0303864647
0.2                       1.25                     2879791.248399329
0.30000000000000004       1.25                     2888353.0356347216
0.4                       1.25                     2901037.990532028
0.5                       1.25                     2916392.301939429
0.6000000000000001        1.25                     2935315.0850442653
0.7000000000000001        1.25                     2955938.592519363
0.8                       1.25                     2979233.845568677
0.9000000000000001        1.25                     3004874.1103826044
1                         1.25                     3027545.0875130477
1.1                       1.25                     3049029.2187596345
1.2000000000000002        1.25                     3068041.70923187
1.3000000000000003        1.25                     3082512.4002531604
1.4000000000000001        1.25                     3089062.471575807
1.5                       1.25                     3064128.7336946405
1.6                       1.25                     3038412.190470386
1.7000000000000002        1.25                     2976803.180944169
1.8000000000000003        1.25                     2942572.3425799157
1.9000000000000001        1.25                     3017772.5718411617
2                         1.25                     3484890.1293860157
0                         1.3500000000000005       2906342.5688770516
0.1                       1.3500000000000005       2908660.515544906
0.2                       1.3500000000000005       2914030.3021593667
0.30000000000000004       1.3500000000000005       2922425.7427281225
0.4                       1.3500000000000005       2934896.8760677795
0.5                       1.3500000000000005       2948925.810651955
0.6000000000000001        1.3500000000000005       2966764.973221101
0.7000000000000001        1.3500000000000005       2986939.488670003
0.8                       1.3500000000000005       3007363.8175954637
0.9000000000000001        1.3500000000000005       3028352.0639188597
1                         1.3500000000000005       3049447.119298033
1.1                       1.3500000000000005       3065646.071947468
1.2000000000000002        1.3500000000000005       3077106.2504157806
1.3000000000000003        1.3500000000000005       3076903.7101827683
1.4000000000000001        1.3500000000000005       3049708.922894151
1.5                       1.3500000000000005       3014122.952099734
1.6                       1.3500000000000005       2908724.3538924344
1.7000000000000002        1.3500000000000005       2756308.5047107446
1.8000000000000003        1.3500000000000005       2528026.2739836564
1.9000000000000001        1.3500000000000005       2261310.515902848
2                         1.3500000000000005       2508898.1807262567
0                         1.4500000000000002       2934078.3463666015
0.1                       1.4500000000000002       2936396.421251235
0.2                       1.4500000000000002       2941694.4263614654
0.30000000000000004       1.4500000000000002       2949849.7035187003
0.4                       1.4500000000000002       2962070.8953187186
0.5                       1.4500000000000002       2976028.4310569614
0.6000000000000001        1.4500000000000002       2993328.2234492623
0.7000000000000001        1.4500000000000002       3012601.070882649
0.8                       1.4500000000000002       3032703.7600561525
0.9000000000000001        1.4500000000000002       3053535.092363895
1                         1.4500000000000002       3071952.91013057
1.1                       1.4500000000000002       3086732.8938561403
1.2000000000000002        1.4500000000000002       3093973.0731909894
1.3000000000000003        1.4500000000000002       3084608.1525567574
1.4000000000000001        1.4500000000000002       3064303.4225168107
1.5                       1.4500000000000002       2991939.3761507887
1.6                       1.4500000000000002       2893093.717453177
1.7000000000000002        1.4500000000000002       2651640.04725638
1.8000000000000003        1.4500000000000002       2298018.7070643636
1.9000000000000001        1.4500000000000002       1626993.9691414507
2                         1.4500000000000002       535399.143527121
0                         1.5500000000000007       2954986.7900940417
0.1                       1.5500000000000007       2957259.1718878723
0.2                       1.5500000000000007       2962714.2109785387
0.30000000000000004       1.5500000000000007       2971034.4745890526
0.4                       1.5500000000000007       2983154.880878685
0.5                       1.5500000000000007       2997448.1029622187
0.6000000000000001        1.5500000000000007       3015491.6960161687
0.7000000000000001        1.5500000000000007       3034640.4865841577
0.8                       1.5500000000000007       3055287.025668768
0.9000000000000001        1.5500000000000007       3077993.126105525
1                         1.5500000000000007       3096937.4404195864
1.1                       1.5500000000000007       3113620.208079815
1.2000000000000002        1.5500000000000007       3124183.2979966686
1.3000000000000003        1.5500000000000007       3122956.350941037
1.4000000000000001        1.5500000000000007       3100856.909856242
1.5                       1.5500000000000007       3051743.5431791
1.6                       1.5500000000000007       2956566.712404065
1.7000000000000002        1.5500000000000007       2761433.868615631
1.8000000000000003        1.5500000000000007       2467258.3750219145
1.9000000000000001        1.5500000000000007       1966850.0181116932
2                         1.5500000000000007       1755369.4000851994
0                         1.6500000000000004       2968920.422499725
0.1                       1.6500000000000004       2971386.78415678
0.2                       1.6500000000000004       2976815.5688169054
0.30000000000000004       1.6500000000000004       2985402.656563523
0.4                       1.6500000000000004       2998554.328770489
0.5                       1.6500000000000004       3013046.940412967
0.6000000000000001        1.6500000000000004       3031496.8847615873
0.7000000000000001        1.6500000000000004       3053459.810516529
0.8                       1.6500000000000004       3075877.9815754285
0.9000000000000001        1.6500000000000004       3098592.2057216023
1                         1.6500000000000004       3123908.1402274384
1.1                       1.6500000000000004       3146470.5775166107
1.2000000000000002        1.6500000000000004       3165299.3749733004
1.3000000000000003        1.6500000000000004       3176130.848556889
1.4000000000000001        1.6500000000000004       3167360.2915931223
1.5                       1.6500000000000004       3161226.5585656837
1.6                       1.6500000000000004       3109216.1310050315
1.7000000000000002        1.6500000000000004       3033895.43270574
1.8000000000000003        1.6500000000000004       2935876.7428831765
1.9000000000000001        1.6500000000000004       2946703.895319105
2                         1.6500000000000004       3542014.363809447
0                         1.75                     2975686.994974203
0.1                       1.75                     2978123.7662439435
0.2                       1.75                     2984108.1404281785
0.30000000000000004       1.75                     2993148.622119443
0.4                       1.75                     3006294.1460775468
0.5                       1.75                     3022611.1899544154
0.6000000000000001        1.75                     3043446.9169615973
0.7000000000000001        1.75                     3065449.9597251182
0.8                       1.75                     3091296.7113271453
0.9000000000000001        1.75                     3122659.85832746
1                         1.75                     3149771.0244825603
1.1                       1.75                     3178072.4232093105
1.2000000000000002        1.75                     3211677.7024853863
1.3000000000000003        1.75                     3240259.3395294584
1.4000000000000001        1.75                     3268771.375430536
1.5                       1.75                     3288770.5382808307
1.6                       1.75                     3312071.7908151527
1.7000000000000002        1.75                     3352704.9563680985
1.8000000000000003        1.75                     3454345.555340156
1.9000000000000001        1.75                     3744528.892006526
2                         1.75                     4542026.47906504
