% Model:              ring_decel_osterwalder.mph
% Version:            COMSOL 5.4.0.225
% Date:               Mar 20 2019, 06:42
% Dimension:          2
% Nodes:              1281
% Expressions:        1
% Description:        Electric field norm
% Length unit:        mm
% r                       z                        es.normE (V/m) @ ph=0.1309
0                         -3.2500000000000004      2982467.653952286
0.1                       -3.2500000000000004      2985038.90984771
0.2                       -3.2500000000000004      2990698.191451726
0.30000000000000004       -3.2500000000000004      2999656.601680307
0.4                       -3.2500000000000004      3013653.8113492825
0.5                       -3.2500000000000004      3029048.2233890095
0.6000000000000001        -3.2500000000000004      3048853.474567642
0.7000000000000001        -3.2500000000000004      3073388.904827121
0.8                       -3.2500000000000004      3097664.962879395
0.9000000000000001        -3.2500000000000004      3124761.605487921
1                         -3.2500000000000004      3157775.864473318
1.1                       -3.2500000000000004      3187355.2782576093
1.2000000000000002        -3.2500000000000004      3215989.724851201
1.3000000000000003        -3.2500000000000004      3246780.456674469
1.4000000000000001        -3.2500000000000004      3273976.5977219185
1.5                       -3.2500000000000004      3301298.9096604246
1.6                       -3.2500000000000004      3322247.2923832578
1.7000000000000002        -3.2500000000000004      3346157.2265354358
1.8000000000000003        -3.2500000000000004      3469870.013266646
1.9000000000000001        -3.2500000000000004      3779921.490030635
2                         -3.2500000000000004      4553868.925395003
0                         -3.15                    2975256.8221782832
0.1                       -3.15                    2977586.695015457
0.2                       -3.15                    2983261.0772079974
0.30000000000000004       -3.15                    2991685.676780314
0.4                       -3.15                    3003861.1772994804
0.5                       -3.15                    3019475.638973638
0.6000000000000001        -3.15                    3038162.0577348624
0.7000000000000001        -3.15                    3058367.7402573572
0.8                       -3.15                    3081251.600944385
0.9000000000000001        -3.15                    3106531.577067817
1                         -3.15                    3127935.9821846774
1.1                       -3.15                    3151786.113503101
1.2000000000000002        -3.15                    3173587.811735613
1.3000000000000003        -3.15                    3183129.2927986477
1.4000000000000001        -3.15                    3182070.2491535386
1.5                       -3.15                    3159893.380636353
1.6                       -3.15                    3121678.2681791126
1.7000000000000002        -3.15                    3038185.208512128
1.8000000000000003        -3.15                    2975795.8392342553
1.9000000000000001        -3.15                    2968327.3610583683
2                         -3.15                    3628884.0615015677
0                         -3.05                    2960854.2302653263
0.1                       -3.05                    2963189.833987147
0.2                       -3.05                    2968488.328244565
0.30000000000000004       -3.05                    2976681.0659463853
0.4                       -3.05                    2989210.8413065197
0.5                       -3.05                    3003179.145528357
0.6000000000000001        -3.05                    3020533.2426265175
0.7000000000000001        -3.05                    3040863.18875591
0.8                       -3.05                    3060870.163123854
0.9000000000000001        -3.05                    3081474.421341689
1                         -3.05                    3102913.7341195815
1.1                       -3.05                    3118666.7150109005
1.2000000000000002        -3.05                    3127384.9851586777
1.3000000000000003        -3.05                    3127883.5036375658
1.4000000000000001        -3.05                    3113157.399429049
1.5                       -3.05                    3059963.6680284245
1.6                       -3.05                    2959933.3694084818
1.7000000000000002        -3.05                    2787615.3793633515
1.8000000000000003        -3.05                    2478560.175699245
1.9000000000000001        -3.05                    1970638.7742674765
2                         -3.05                    1702521.5578592645
0                         -2.95                    2939554.7804456227
0.1                       -2.95                    2941834.774833278
0.2                       -2.95                    2947171.8854501736
0.30000000000000004       -2.95                    2955242.2281543203
0.4                       -2.95                    2967373.7994395583
0.5                       -2.95                    2981438.7932785554
0.6000000000000001        -2.95                    2998584.3642186755
0.7000000000000001        -2.95                    3017884.9277868792
0.8                       -2.95                    3037560.4054942164
0.9000000000000001        -2.95                    3057629.853996623
1                         -2.95                    3076676.6229738155
1.1                       -2.95                    3091696.029083667
1.2000000000000002        -2.95                    3096187.929423157
1.3000000000000003        -2.95                    3091230.25340266
1.4000000000000001        -2.95                    3064065.234570048
1.5                       -2.95                    3007346.638685242
1.6                       -2.95                    2887014.7205904434
1.7000000000000002        -2.95                    2672917.7529318226
1.8000000000000003        -2.95                    2302410.568198973
1.9000000000000001        -2.95                    1622360.9173265619
2                         -2.95                    525428.018044692
0                         -2.85                    2911451.570065548
0.1                       -2.85                    2913729.2939955126
0.2                       -2.85                    2919160.5526269767
0.30000000000000004       -2.85                    2927383.6043377784
0.4                       -2.85                    2939303.757554754
0.5                       -2.85                    2954039.7064495045
0.6000000000000001        -2.85                    2971670.7366343713
0.7000000000000001        -2.85                    2991106.038978412
0.8                       -2.85                    3011948.696081037
0.9000000000000001        -2.85                    3033493.290687091
1                         -2.85                    3052576.69180936
1.1                       -2.85                    3069940.599442882
1.2000000000000002        -2.85                    3079215.6518467204
1.3000000000000003        -2.85                    3077893.573346682
1.4000000000000001        -2.85                    3060483.4887261186
1.5                       -2.85                    3019752.9369427315
1.6                       -2.85                    2905668.7234237655
1.7000000000000002        -2.85                    2770726.548449886
1.8000000000000003        -2.85                    2556327.533836865
1.9000000000000001        -2.85                    2245161.367555648
2                         -2.85                    2476611.9238164765
0                         -2.75                    2876507.7751931185
0.1                       -2.75                    2878946.05645703
0.2                       -2.75                    2884441.212325885
0.30000000000000004       -2.75                    2893002.3823982775
0.4                       -2.75                    2906137.600441282
0.5                       -2.75                    2920867.6306000645
0.6000000000000001        -2.75                    2939334.330456402
0.7000000000000001        -2.75                    2961478.231404488
0.8                       -2.75                    2983214.457202919
0.9000000000000001        -2.75                    3006381.273247148
1                         -2.75                    3033480.8276800755
1.1                       -2.75                    3054382.4150577458
1.2000000000000002        -2.75                    3069369.4479040005
1.3000000000000003        -2.75                    3083598.580302918
1.4000000000000001        -2.75                    3080399.8809921467
1.5                       -2.75                    3066768.1579924566
1.6                       -2.75                    3028574.480993582
1.7000000000000002        -2.75                    2974581.897033788
1.8000000000000003        -2.75                    2956728.2383895707
1.9000000000000001        -2.75                    3001847.7472077818
2                         -2.75                    3480677.524846569
0                         -2.65                    2834606.2045745184
0.1                       -2.65                    2837036.6192929302
0.2                       -2.65                    2843019.0394651177
0.30000000000000004       -2.65                    2852077.3018666124
0.4                       -2.65                    2865381.0143738603
0.5                       -2.65                    2881888.4935275903
0.6000000000000001        -2.65                    2902448.5240576854
0.7000000000000001        -2.65                    2924800.6299589984
0.8                       -2.65                    2950904.108067214
0.9000000000000001        -2.65                    2980910.793717495
1                         -2.65                    3008062.255040862
1.1                       -2.65                    3039194.5347585403
1.2000000000000002        -2.65                    3074960.3562519657
1.3000000000000003        -2.65                    3103715.784517323
1.4000000000000001        -2.65                    3124692.308382644
1.5                       -2.65                    3142562.9365937593
1.6                       -2.65                    3165534.289597088
1.7000000000000002        -2.65                    3217125.3790851943
1.8000000000000003        -2.65                    3298878.494327546
1.9000000000000001        -2.65                    3501148.0334073794
2                         -2.65                    3948933.2014468177
0                         -2.55                    2785439.267246124
0.1                       -2.55                    2788154.77297159
0.2                       -2.55                    2794242.606280728
0.30000000000000004       -2.55                    2803919.1221119985
0.4                       -2.55                    2818873.0367876096
0.5                       -2.55                    2835912.3644270403
0.6000000000000001        -2.55                    2857912.826571984
0.7000000000000001        -2.55                    2885139.1204585903
0.8                       -2.55                    2913177.137108921
0.9000000000000001        -2.55                    2945681.4899163446
1                         -2.55                    2986573.0384253883
1.1                       -2.55                    3025558.680129553
1.2000000000000002        -2.55                    3064850.962424303
1.3000000000000003        -2.55                    3115351.102182866
1.4000000000000001        -2.55                    3165128.3115914506
1.5                       -2.55                    3229547.0074898284
1.6                       -2.55                    3314117.7613226
1.7000000000000002        -2.55                    3405627.630992623
1.8000000000000003        -2.55                    3550745.623994448
1.9000000000000001        -2.55                    3795193.9922334887
2                         -2.55                    4162082.038780741
0                         -2.45                    2728780.780854381
0.1                       -2.45                    2731498.880252532
0.2                       -2.45                    2738169.516342548
0.30000000000000004       -2.45                    2748479.666677706
0.4                       -2.45                    2763720.1404591803
0.5                       -2.45                    2782866.45221016
0.6000000000000001        -2.45                    2807575.797082428
0.7000000000000001        -2.45                    2835277.0683318074
0.8                       -2.45                    2868652.7177662347
0.9000000000000001        -2.45                    2909987.9309870545
1                         -2.45                    2951247.1651505763
1.1                       -2.45                    3002997.997994197
1.2000000000000002        -2.45                    3059631.549949808
1.3000000000000003        -2.45                    3123861.7324573635
1.4000000000000001        -2.45                    3207071.3167586387
1.5                       -2.45                    3300405.4272154546
1.6                       -2.45                    3401558.932598835
1.7000000000000002        -2.45                    3551694.813884012
1.8000000000000003        -2.45                    3742072.426534707
1.9000000000000001        -2.45                    3987885.9556362904
2                         -2.45                    4285626.918050102
0                         -2.35                    2664282.21143294
0.1                       -2.35                    2667242.445415466
0.2                       -2.35                    2674085.4509334
0.30000000000000004       -2.35                    2684989.695612243
0.4                       -2.35                    2701673.4559232346
0.5                       -2.35                    2721584.2408643044
0.6000000000000001        -2.35                    2747648.4137224597
0.7000000000000001        -2.35                    2779699.149739589
0.8                       -2.35                    2815205.3229223765
0.9000000000000001        -2.35                    2858923.5491098044
1                         -2.35                    2911725.900611946
1.1                       -2.35                    2970512.363133603
1.2000000000000002        -2.35                    3036960.8520090957
1.3000000000000003        -2.35                    3125619.834783952
1.4000000000000001        -2.35                    3221586.4493650026
1.5                       -2.35                    3335008.2527157194
1.6                       -2.35                    3484376.094070498
1.7000000000000002        -2.35                    3660884.2127994597
1.8000000000000003        -2.35                    3880849.6511036702
1.9000000000000001        -2.35                    4137460.4263247037
2                         -2.35                    4413696.959300112
0                         -2.2500000000000004      2591781.486308979
0.1                       -2.2500000000000004      2594778.890701454
0.2                       -2.2500000000000004      2601941.6537896786
0.30000000000000004       -2.2500000000000004      2613340.52297705
0.4                       -2.2500000000000004      2630494.079121296
0.5                       -2.2500000000000004      2651583.876104607
0.6000000000000001        -2.2500000000000004      2679708.247525461
0.7000000000000001        -2.2500000000000004      2712665.611784834
0.8                       -2.2500000000000004      2751819.541342319
0.9000000000000001        -2.2500000000000004      2801688.0050669992
1                         -2.2500000000000004      2856119.007931879
1.1                       -2.2500000000000004      2922818.3655714346
1.2000000000000002        -2.2500000000000004      3005752.513166068
1.3000000000000003        -2.2500000000000004      3096134.80892691
1.4000000000000001        -2.2500000000000004      3214768.2312675235
1.5                       -2.2500000000000004      3361707.9659221955
1.6                       -2.2500000000000004      3534742.21813375
1.7000000000000002        -2.2500000000000004      3749753.4340030737
1.8000000000000003        -2.2500000000000004      3984433.544042435
1.9000000000000001        -2.2500000000000004      4272827.175837026
2                         -2.2500000000000004      4569111.13173356
0                         -2.15                    2511166.760949961
0.1                       -2.15                    2514209.021739525
0.2                       -2.15                    2521630.0077877995
0.30000000000000004       -2.15                    2533338.1469493853
0.4                       -2.15                    2550861.2984092426
0.5                       -2.15                    2572899.8753449554
0.6000000000000001        -2.15                    2601750.7697787266
0.7000000000000001        -2.15                    2636183.1339800977
0.8                       -2.15                    2676895.351477501
0.9000000000000001        -2.15                    2728327.7951189554
1                         -2.15                    2787455.8947813385
1.1                       -2.15                    2860725.4485695553
1.2000000000000002        -2.15                    2943683.5727923973
1.3000000000000003        -2.15                    3046280.816897711
1.4000000000000001        -2.15                    3178070.5204401547
1.5                       -2.15                    3328302.3819534425
1.6                       -2.15                    3527460.3857993446
1.7000000000000002        -2.15                    3777387.0376474634
1.8000000000000003        -2.15                    4061853.2867860184
1.9000000000000001        -2.15                    4396752.998279922
2                         -2.15                    4753420.11873313
0                         -2.05                    2422495.033960231
0.1                       -2.05                    2425625.710462442
0.2                       -2.05                    2432871.752809679
0.30000000000000004       -2.05                    2444738.298268341
0.4                       -2.05                    2462947.859027239
0.5                       -2.05                    2484484.7277098536
0.6000000000000001        -2.05                    2513765.4198618783
0.7000000000000001        -2.05                    2549643.191645298
0.8                       -2.05                    2590720.3087593326
0.9000000000000001        -2.05                    2643220.277278007
1                         -2.05                    2705279.3195777023
1.1                       -2.05                    2777517.1900093774
1.2000000000000002        -2.05                    2866389.7404157785
1.3000000000000003        -2.05                    2980211.0398234664
1.4000000000000001        -2.05                    3110250.4890976157
1.5                       -2.05                    3279083.1839029905
1.6                       -2.05                    3498911.5302501656
1.7000000000000002        -2.05                    3763274.4026385406
1.8000000000000003        -2.05                    4092322.890984226
1.9000000000000001        -2.05                    4498889.41116728
2                         -2.05                    4963750.038808744
0                         -1.95                    2326071.5323727243
0.1                       -1.95                    2328991.0547433975
0.2                       -1.95                    2336581.6571746347
0.30000000000000004       -1.95                    2348378.9644414736
0.4                       -1.95                    2365547.338609598
0.5                       -1.95                    2388120.4521880536
0.6000000000000001        -1.95                    2417394.6125573367
0.7000000000000001        -1.95                    2450907.3324558535
0.8                       -1.95                    2492398.2014302746
0.9000000000000001        -1.95                    2545441.982840826
1                         -1.95                    2602786.268269942
1.1                       -1.95                    2677900.9563274235
1.2000000000000002        -1.95                    2768860.759781037
1.3000000000000003        -1.95                    2869626.8606664706
1.4000000000000001        -1.95                    3010950.3059066962
1.5                       -1.95                    3183976.9090270237
1.6                       -1.95                    3415013.5403339732
1.7000000000000002        -1.95                    3690516.3285119836
1.8000000000000003        -1.95                    4068343.837657343
1.9000000000000001        -1.95                    4557949.170715088
2                         -1.95                    5225557.326607203
0                         -1.8499999999999999      2222229.9760096343
0.1                       -1.8499999999999999      2225288.2413155823
0.2                       -1.8499999999999999      2232224.044046123
0.30000000000000004       -1.8499999999999999      2243836.280078252
0.4                       -1.8499999999999999      2261883.0856503583
0.5                       -1.8499999999999999      2282378.370965875
0.6000000000000001        -1.8499999999999999      2310271.522958472
0.7000000000000001        -1.8499999999999999      2345678.8488929495
0.8                       -1.8499999999999999      2384338.9104451337
0.9000000000000001        -1.8499999999999999      2431060.647617934
1                         -1.8499999999999999      2493231.8075965834
1.1                       -1.8499999999999999      2558987.820371411
1.2000000000000002        -1.8499999999999999      2641059.096165583
1.3000000000000003        -1.8499999999999999      2753182.182512736
1.4000000000000001        -1.8499999999999999      2883244.654585462
1.5                       -1.8499999999999999      3048807.4157297662
1.6                       -1.8499999999999999      3237745.8551032245
1.7000000000000002        -1.8499999999999999      3548401.386995355
1.8000000000000003        -1.8499999999999999      3963384.0229987665
1.9000000000000001        -1.8499999999999999      4529398.685958682
2                         -1.8499999999999999      5411627.234355857
0                         -1.75                    2111682.945283534
0.1                       -1.75                    2114341.70035242
0.2                       -1.75                    2121692.7597104986
0.30000000000000004       -1.75                    2132970.807891456
0.4                       -1.75                    2148929.5462764148
0.5                       -1.75                    2170456.0727107003
0.6000000000000001        -1.75                    2197855.1678989194
0.7000000000000001        -1.75                    2227948.4476067335
0.8                       -1.75                    2265875.048919764
0.9000000000000001        -1.75                    2314518.71407467
1                         -1.75                    2362971.832942644
1.1                       -1.75                    2423460.876928987
1.2000000000000002        -1.75                    2500057.488400171
1.3000000000000003        -1.75                    2593505.967050451
1.4000000000000001        -1.75                    2707920.356749752
1.5                       -1.75                    2841266.1940118633
1.6                       -1.75                    3044096.482539023
1.7000000000000002        -1.75                    3331002.158460959
1.8000000000000003        -1.75                    3728168.191439526
1.9000000000000001        -1.75                    4384103.810023525
2                         -1.75                    5400080.0997868115
0                         -1.65                    1994970.9083460304
0.1                       -1.65                    1997803.9964804647
0.2                       -1.65                    2004282.2421647354
0.30000000000000004       -1.65                    2015235.1517622645
0.4                       -1.65                    2032203.571592387
0.5                       -1.65                    2050962.5153177513
0.6000000000000001        -1.65                    2075929.4948886714
0.7000000000000001        -1.65                    2108015.8095243806
0.8                       -1.65                    2141671.310773993
0.9000000000000001        -1.65                    2180224.423101839
1                         -1.65                    2229870.143503916
1.1                       -1.65                    2283441.6902015046
1.2000000000000002        -1.65                    2346874.8516589333
1.3000000000000003        -1.65                    2421535.0556008606
1.4000000000000001        -1.65                    2515938.218762972
1.5                       -1.65                    2626380.8299921495
1.6                       -1.65                    2782777.2951352154
1.7000000000000002        -1.65                    3009371.497486763
1.8000000000000003        -1.65                    3346235.796542161
1.9000000000000001        -1.65                    3943454.91079945
2                         -1.65                    5124734.039536602
0                         -1.55                    1873017.0261577806
0.1                       -1.55                    1875424.7853262513
0.2                       -1.55                    1882375.389813845
0.30000000000000004       -1.55                    1893007.6662391152
0.4                       -1.55                    1907753.9870595452
0.5                       -1.55                    1927568.9477725287
0.6000000000000001        -1.55                    1952095.523589809
0.7000000000000001        -1.55                    1978291.7383745636
0.8                       -1.55                    2010472.3947359803
0.9000000000000001        -1.55                    2050766.5275039184
1                         -1.55                    2088369.2503577566
1.1                       -1.55                    2133676.350815003
1.2000000000000002        -1.55                    2186307.0011013807
1.3000000000000003        -1.55                    2241320.6000789762
1.4000000000000001        -1.55                    2304404.634864025
1.5                       -1.55                    2383704.519189331
1.6                       -1.55                    2482600.9719890268
1.7000000000000002        -1.55                    2613026.744680977
1.8000000000000003        -1.55                    2836959.464915283
1.9000000000000001        -1.55                    3230410.2982678073
2                         -1.55                    4070545.899981392
0                         -1.45                    1746404.3636004517
0.1                       -1.45                    1749007.150483925
0.2                       -1.45                    1755259.1519759512
0.30000000000000004       -1.45                    1765754.044069891
0.4                       -1.45                    1781618.1313407342
0.5                       -1.45                    1799258.8756197628
0.6000000000000001        -1.45                    1821730.3296260135
0.7000000000000001        -1.45                    1849817.8954942555
0.8                       -1.45                    1878235.0210688733
0.9000000000000001        -1.45                    1908806.2635542466
1                         -1.45                    1946153.5040928677
1.1                       -1.45                    1983207.0825828258
1.2000000000000002        -1.45                    2018377.21345026
1.3000000000000003        -1.45                    2044854.390976968
1.4000000000000001        -1.45                    2098061.3406455945
1.5                       -1.45                    2134071.0336771025
1.6                       -1.45                    2171826.520251579
1.7000000000000002        -1.45                    2210933.562816122
1.8000000000000003        -1.45                    2279571.4033791614
1.9000000000000001        -1.45                    2376119.0744367074
2                         -1.45                    2674627.0505360905
0                         -1.3499999999999999      1615981.4450133543
0.1                       -1.3499999999999999      1618315.4978620296
0.2                       -1.3499999999999999      1625113.6840463576
0.30000000000000004       -1.3499999999999999      1635656.4567479352
0.4                       -1.3499999999999999      1650211.0074972452
0.5                       -1.3499999999999999      1669095.0265127413
0.6000000000000001        -1.3499999999999999      1691729.599857651
0.7000000000000001        -1.3499999999999999      1716270.8892974514
0.8                       -1.3499999999999999      1744597.162920883
0.9000000000000001        -1.3499999999999999      1775720.0346829218
1                         -1.3499999999999999      1804846.6308788413
1.1                       -1.3499999999999999      1834894.3966081515
1.2000000000000002        -1.3499999999999999      1868326.9323358599
1.3000000000000003        -1.3499999999999999      1888091.409202313
1.4000000000000001        -1.3499999999999999      1911637.7602506774
1.5                       -1.3499999999999999      1907054.0646309152
1.6                       -1.3499999999999999      1892206.7894862513
1.7000000000000002        -1.3499999999999999      1848932.475101716
1.8000000000000003        -1.3499999999999999      1775470.3854784558
1.9000000000000001        -1.3499999999999999      1655582.3759412149
2                         -1.3499999999999999      1485290.7354705827
0                         -1.25                    1482198.6861743764
0.1                       -1.25                    1484751.9727213434
0.2                       -1.25                    1491376.551127811
0.30000000000000004       -1.25                    1502296.882074754
0.4                       -1.25                    1518162.0975996582
0.5                       -1.25                    1536580.0766347335
0.6000000000000001        -1.25                    1559029.8724317583
0.7000000000000001        -1.25                    1585371.43419867
0.8                       -1.25                    1612461.2145130266
0.9000000000000001        -1.25                    1640145.9164634587
1                         -1.25                    1669811.909587339
1.1                       -1.25                    1696319.4249048403
1.2000000000000002        -1.25                    1718430.1873810089
1.3000000000000003        -1.25                    1730695.0095963422
1.4000000000000001        -1.25                    1729022.0105935303
1.5                       -1.25                    1713217.2911771794
1.6                       -1.25                    1675776.3678212762
1.7000000000000002        -1.25                    1561708.934271071
1.8000000000000003        -1.25                    1415446.3139886495
1.9000000000000001        -1.25                    1181887.3968757377
2                         -1.25                    855217.9806363287
0                         -1.15                    1345603.025077305
0.1                       -1.15                    1348166.0837221304
0.2                       -1.15                    1355496.0453363697
0.30000000000000004       -1.15                    1367149.3034793378
0.4                       -1.15                    1383334.475405027
0.5                       -1.15                    1403504.2052604677
0.6000000000000001        -1.15                    1427307.1703363392
0.7000000000000001        -1.15                    1454003.0578059922
0.8                       -1.15                    1482885.891330216
0.9000000000000001        -1.15                    1511692.9674254556
1                         -1.15                    1541875.4549778742
1.1                       -1.15                    1566422.1630271492
1.2000000000000002        -1.15                    1592197.2484410687
1.3000000000000003        -1.15                    1596575.5356543714
1.4000000000000001        -1.15                    1593597.9452260393
1.5                       -1.15                    1561053.0276078775
1.6                       -1.15                    1495676.5689746935
1.7000000000000002        -1.15                    1383998.2042105063
1.8000000000000003        -1.15                    1206395.1206956827
1.9000000000000001        -1.15                    946473.8867689188
2                         -1.15                    610050.0433605483
0                         -1.05                    1206416.910804322
0.1                       -1.05                    1209265.427716964
0.2                       -1.05                    1217139.9459872623
0.30000000000000004       -1.05                    1229939.6463456054
0.4                       -1.05                    1247930.2907695894
0.5                       -1.05                    1269842.9654577156
0.6000000000000001        -1.05                    1295931.448337921
0.7000000000000001        -1.05                    1324981.4324048231
0.8                       -1.05                    1356610.2689063002
0.9000000000000001        -1.05                    1389144.7961982773
1                         -1.05                    1419673.1586206506
1.1                       -1.05                    1447537.412085467
1.2000000000000002        -1.05                    1472986.306078911
1.3000000000000003        -1.05                    1487898.6383355048
1.4000000000000001        -1.05                    1481074.1520269644
1.5                       -1.05                    1452823.882250786
1.6                       -1.05                    1393002.3877955438
1.7000000000000002        -1.05                    1288898.7894597794
1.8000000000000003        -1.05                    1120137.1311897312
1.9000000000000001        -1.05                    896630.8567724125
2                         -1.05                    627138.7424371021
0                         -0.9499999999999997      1064832.243290766
0.1                       -0.9499999999999997      1068006.7846171362
0.2                       -0.9499999999999997      1076958.8723238264
0.30000000000000004       -0.9499999999999997      1091453.8232108566
0.4                       -0.9499999999999997      1111635.972711778
0.5                       -0.9499999999999997      1136386.2663439417
0.6000000000000001        -0.9499999999999997      1165563.7782297847
0.7000000000000001        -0.9499999999999997      1199036.2200042056
0.8                       -0.9499999999999997      1234570.9979965207
0.9000000000000001        -0.9499999999999997      1269799.5509436082
1                         -0.9499999999999997      1309357.0285035816
1.1                       -0.9499999999999997      1344121.9611342952
1.2000000000000002        -0.9499999999999997      1368450.4684783171
1.3000000000000003        -0.9499999999999997      1392363.9206038548
1.4000000000000001        -0.9499999999999997      1388531.7843009795
1.5                       -0.9499999999999997      1384900.5032137244
1.6                       -0.9499999999999997      1336052.8696766507
1.7000000000000002        -0.9499999999999997      1263442.297287359
1.8000000000000003        -0.9499999999999997      1148766.6300314323
1.9000000000000001        -0.9499999999999997      990334.8374513732
2                         -0.9499999999999997      819488.8653168968
0                         -0.8499999999999996      920874.3203032978
0.1                       -0.8499999999999996      924515.0807221712
0.2                       -0.8499999999999996      934837.3161868274
0.30000000000000004       -0.8499999999999996      951568.6585927053
0.4                       -0.8499999999999996      974715.3091213796
0.5                       -0.8499999999999996      1003395.822831163
0.6000000000000001        -0.8499999999999996      1037464.4698982823
0.7000000000000001        -0.8499999999999996      1074961.098234818
0.8                       -0.8499999999999996      1117018.203655063
0.9000000000000001        -0.8499999999999996      1161114.163376505
1                         -0.8499999999999996      1203649.5677322384
1.1                       -0.8499999999999996      1246733.1777738759
1.2000000000000002        -0.8499999999999996      1288709.7597172635
1.3000000000000003        -0.8499999999999996      1316799.0124345
1.4000000000000001        -0.8499999999999996      1341166.6641988128
1.5                       -0.8499999999999996      1340583.2522826728
1.6                       -0.8499999999999996      1335497.433817094
1.7000000000000002        -0.8499999999999996      1290780.5960236136
1.8000000000000003        -0.8499999999999996      1234632.764862256
1.9000000000000001        -0.8499999999999996      1155114.80765809
2                         -0.8499999999999996      1088634.4408741216
0                         -0.75                    774521.8149409933
0.1                       -0.75                    778846.7511669544
0.2                       -0.75                    791141.7021535389
0.30000000000000004       -0.75                    811058.719252206
0.4                       -0.75                    838445.7180813568
0.5                       -0.75                    872115.9275096728
0.6000000000000001        -0.75                    911541.5220725908
0.7000000000000001        -0.75                    956368.2844738468
0.8                       -0.75                    1004374.3446211676
0.9000000000000001        -0.75                    1054595.8122715363
1                         -0.75                    1109534.002508499
1.1                       -0.75                    1162984.574319444
1.2000000000000002        -0.75                    1208871.465021406
1.3000000000000003        -0.75                    1257950.341041643
1.4000000000000001        -0.75                    1303364.6263085408
1.5                       -0.75                    1338670.0045051225
1.6                       -0.75                    1341391.5228338337
1.7000000000000002        -0.75                    1367614.7891372514
1.8000000000000003        -0.75                    1356769.8142022528
1.9000000000000001        -0.75                    1349882.9026813728
2                         -0.75                    1382277.359537933
0                         -0.65                    625741.5607456991
0.1                       -0.65                    631042.1944353497
0.2                       -0.65                    646053.8480970975
0.30000000000000004       -0.65                    670302.7915127897
0.4                       -0.65                    703352.5876628323
0.5                       -0.65                    743379.2070350103
0.6000000000000001        -0.65                    790569.847470446
0.7000000000000001        -0.65                    842578.372663633
0.8                       -0.65                    900024.5081329058
0.9000000000000001        -0.65                    960595.3460311845
1                         -0.65                    1022832.886585913
1.1                       -0.65                    1088292.3617316454
1.2000000000000002        -0.65                    1154055.4458511802
1.3000000000000003        -0.65                    1219421.6965283756
1.4000000000000001        -0.65                    1274086.5561179952
1.5                       -0.65                    1339273.3721826768
1.6                       -0.65                    1400737.9423999097
1.7000000000000002        -0.65                    1459410.7019083137
1.8000000000000003        -0.65                    1515559.6864774658
1.9000000000000001        -0.65                    1591456.2608258866
2                         -0.65                    1696869.2853390246
0                         -0.5499999999999998      474559.29109192116
0.1                       -0.5499999999999998      481381.0473300701
0.2                       -0.5499999999999998      501021.0091626702
0.30000000000000004       -0.5499999999999998      532003.242899707
0.4                       -0.5499999999999998      572895.0810447056
0.5                       -0.5499999999999998      622213.6230802387
0.6000000000000001        -0.5499999999999998      678115.5836651857
0.7000000000000001        -0.5499999999999998      739224.7761383579
0.8                       -0.5499999999999998      804363.283113737
0.9000000000000001        -0.5499999999999998      874852.7998275007
1                         -0.5499999999999998      947992.4995976769
1.1                       -0.5499999999999998      1023764.8696533047
1.2000000000000002        -0.5499999999999998      1100483.9190382934
1.3000000000000003        -0.5499999999999998      1184519.753837502
1.4000000000000001        -0.5499999999999998      1267723.001610085
1.5                       -0.5499999999999998      1357868.3877582757
1.6                       -0.5499999999999998      1452315.547328656
1.7000000000000002        -0.5499999999999998      1559699.1584229823
1.8000000000000003        -0.5499999999999998      1675692.8818008502
1.9000000000000001        -0.5499999999999998      1844952.3764939387
2                         -0.5499999999999998      2041403.1261033393
0                         -0.44999999999999973     321057.0322144606
0.1                       -0.44999999999999973     330986.5317417305
0.2                       -0.44999999999999973     358358.5498143595
0.30000000000000004       -0.44999999999999973     400210.08074699494
0.4                       -0.44999999999999973     453467.0916536895
0.5                       -0.44999999999999973     513286.6208320798
0.6000000000000001        -0.44999999999999973     580426.2498684304
0.7000000000000001        -0.44999999999999973     652329.972264938
0.8                       -0.44999999999999973     728006.1899466902
0.9000000000000001        -0.44999999999999973     807104.3166974161
1                         -0.44999999999999973     890818.7877175199
1.1                       -0.44999999999999973     977683.5299758236
1.2000000000000002        -0.44999999999999973     1068786.7831121206
1.3000000000000003        -0.44999999999999973     1169105.690492187
1.4000000000000001        -0.44999999999999973     1271457.2070040645
1.5                       -0.44999999999999973     1381300.4859659947
1.6                       -0.44999999999999973     1518912.577245059
1.7000000000000002        -0.44999999999999973     1676358.4525750796
1.8000000000000003        -0.44999999999999973     1854731.8846500546
1.9000000000000001        -0.44999999999999973     2103394.100338909
2                         -0.44999999999999973     2408022.787453044
0                         -0.34999999999999964     165551.25627127176
0.1                       -0.34999999999999964     183554.76377880425
0.2                       -0.34999999999999964     229494.8041492732
0.30000000000000004       -0.34999999999999964     290404.60633666633
0.4                       -0.34999999999999964     359407.8670534694
0.5                       -0.34999999999999964     433542.85517738253
0.6000000000000001        -0.34999999999999964     511264.3331217681
0.7000000000000001        -0.34999999999999964     591255.9327916452
0.8                       -0.34999999999999964     673304.5354025292
0.9000000000000001        -0.34999999999999964     762623.7196022829
1                         -0.34999999999999964     850967.6905761629
1.1                       -0.34999999999999964     947139.7651282685
1.2000000000000002        -0.34999999999999964     1047912.697111241
1.3000000000000003        -0.34999999999999964     1161727.2370479542
1.4000000000000001        -0.34999999999999964     1279397.5734042027
1.5                       -0.34999999999999964     1429509.7787436773
1.6                       -0.34999999999999964     1580142.6365942243
1.7000000000000002        -0.34999999999999964     1792060.286525895
1.8000000000000003        -0.34999999999999964     2050395.757462142
1.9000000000000001        -0.34999999999999964     2362319.0751632308
2                         -0.34999999999999964     2815416.98456239
0                         -0.25                    8358.797957118766
0.1                       -0.25                    79497.30380345255
0.2                       -0.25                    158322.8071099247
0.30000000000000004       -0.25                    237871.3742588733
0.4                       -0.25                    318833.30524053343
0.5                       -0.25                    399529.9662912693
0.6000000000000001        -0.25                    483382.3378395913
0.7000000000000001        -0.25                    569058.3749691308
0.8                       -0.25                    656433.8667575257
0.9000000000000001        -0.25                    748457.1645864517
1                         -0.25                    844741.8319873136
1.1                       -0.25                    946975.655906251
1.2000000000000002        -0.25                    1055031.2507464816
1.3000000000000003        -0.25                    1171942.717126921
1.4000000000000001        -0.25                    1312732.0762439636
1.5                       -0.25                    1478301.6945733377
1.6                       -0.25                    1675178.1066860538
1.7000000000000002        -0.25                    1916458.815829008
1.8000000000000003        -0.25                    2224300.6020714226
1.9000000000000001        -0.25                    2676972.0127150314
2                         -0.25                    3275225.6576982336
0                         -0.1499999999999999      149816.51129156403
0.1                       -0.1499999999999999      169577.43529515836
0.2                       -0.1499999999999999      218060.99183246662
0.30000000000000004       -0.1499999999999999      281612.7794750219
0.4                       -0.1499999999999999      353489.68619867536
0.5                       -0.1499999999999999      428420.2889433585
0.6000000000000001        -0.1499999999999999      508162.3630373041
0.7000000000000001        -0.1499999999999999      591741.1454651908
0.8                       -0.1499999999999999      676222.5286664204
0.9000000000000001        -0.1499999999999999      769864.8062149594
1                         -0.1499999999999999      864018.9998674262
1.1                       -0.1499999999999999      970823.6881476804
1.2000000000000002        -0.1499999999999999      1088127.2545269774
1.3000000000000003        -0.1499999999999999      1212506.7618339402
1.4000000000000001        -0.1499999999999999      1373150.4988643005
1.5                       -0.1499999999999999      1534284.0748687915
1.6                       -0.1499999999999999      1760618.9404899164
1.7000000000000002        -0.1499999999999999      2045367.7047250615
1.8000000000000003        -0.1499999999999999      2408990.235616258
1.9000000000000001        -0.1499999999999999      2942607.216382261
2                         -0.1499999999999999      3701574.8231358607
0                         -0.04999999999999983     308417.40681762906
0.1                       -0.04999999999999983     318450.26465498784
0.2                       -0.04999999999999983     347578.82590569713
0.30000000000000004       -0.04999999999999983     391169.0480249003
0.4                       -0.04999999999999983     445781.62603361026
0.5                       -0.04999999999999983     509084.64212016657
0.6000000000000001        -0.04999999999999983     579739.0145334769
0.7000000000000001        -0.04999999999999983     654846.0570945804
0.8                       -0.04999999999999983     735637.422020407
0.9000000000000001        -0.04999999999999983     826883.564221288
1                         -0.04999999999999983     918078.3502683556
1.1                       -0.04999999999999983     1024162.0061288576
1.2000000000000002        -0.04999999999999983     1139228.2082676287
1.3000000000000003        -0.04999999999999983     1272010.673431407
1.4000000000000001        -0.04999999999999983     1429535.0627649655
1.5                       -0.04999999999999983     1619641.6638987847
1.6                       -0.04999999999999983     1861014.4336397606
1.7000000000000002        -0.04999999999999983     2153895.4965000385
1.8000000000000003        -0.04999999999999983     2576874.663720438
1.9000000000000001        -0.04999999999999983     3184655.7668188047
2                         -0.04999999999999983     4085847.3533813814
0                         0.050000000000000266     466446.44878949673
0.1                       0.050000000000000266     473689.108900519
0.2                       0.050000000000000266     493700.77463089407
0.30000000000000004       0.050000000000000266     526168.1720350414
0.4                       0.050000000000000266     570501.8047170852
0.5                       0.050000000000000266     621257.8793274593
0.6000000000000001        0.050000000000000266     681869.3827124524
0.7000000000000001        0.050000000000000266     751648.9660433604
0.8                       0.050000000000000266     824265.5081678887
0.9000000000000001        0.050000000000000266     907849.9532632385
1                         0.050000000000000266     1001791.602899379
1.1                       0.050000000000000266     1102828.8051709414
1.2000000000000002        0.050000000000000266     1218345.3869369621
1.3000000000000003        0.050000000000000266     1353333.7015704748
1.4000000000000001        0.050000000000000266     1503721.9487675338
1.5                       0.050000000000000266     1712964.2778842754
1.6                       0.050000000000000266     1960576.677005333
1.7000000000000002        0.050000000000000266     2281643.4102919325
1.8000000000000003        0.050000000000000266     2730026.380369357
1.9000000000000001        0.050000000000000266     3384210.1193595384
2                         0.050000000000000266     4367034.635873403
0                         0.15000000000000036      623232.0040662397
0.1                       0.15000000000000036      628671.487438855
0.2                       0.15000000000000036      645114.3563172603
0.30000000000000004       0.15000000000000036      671135.315600354
0.4                       0.15000000000000036      706313.0326296082
0.5                       0.15000000000000036      751354.5653282928
0.6000000000000001        0.15000000000000036      804672.1889829244
0.7000000000000001        0.15000000000000036      864067.204046088
0.8                       0.15000000000000036      932058.4879617586
0.9000000000000001        0.15000000000000036      1013302.7908369227
1                         0.15000000000000036      1096456.2591819577
1.1                       0.15000000000000036      1196043.8559813234
1.2000000000000002        0.15000000000000036      1313226.2723076171
1.3000000000000003        0.15000000000000036      1441105.4300097227
1.4000000000000001        0.15000000000000036      1605855.5947871562
1.5                       0.15000000000000036      1805847.046494159
1.6                       0.15000000000000036      2052357.335017274
1.7000000000000002        0.15000000000000036      2383783.8598715584
1.8000000000000003        0.15000000000000036      2829108.8497360903
1.9000000000000001        0.15000000000000036      3470948.6943956395
2                         0.15000000000000036      4475027.70972319
0                         0.25                     777732.2666769463
0.1                       0.25                     782651.8700647011
0.2                       0.25                     795840.0449119458
0.30000000000000004       0.25                     817916.7299717411
0.4                       0.25                     849711.8602008421
0.5                       0.25                     887145.9124860467
0.6000000000000001        0.25                     934471.1637086521
0.7000000000000001        0.25                     991465.5041617226
0.8                       0.25                     1052623.5633713435
0.9000000000000001        0.25                     1125081.1193062703
1                         0.25                     1212515.6886122613
1.1                       0.25                     1302060.6960262042
1.2000000000000002        0.25                     1412426.0589968057
1.3000000000000003        0.25                     1544631.6784023382
1.4000000000000001        0.25                     1699765.274264894
1.5                       0.25                     1886939.002882274
1.6                       0.25                     2129738.7374413195
1.7000000000000002        0.25                     2458717.476067286
1.8000000000000003        0.25                     2839057.872918186
1.9000000000000001        0.25                     3429899.190880631
2                         0.25                     4293096.548079099
0                         0.3500000000000001       929339.095358805
0.1                       0.3500000000000001       933477.386923825
0.2                       0.3500000000000001       945604.7973984216
0.30000000000000004       0.3500000000000001       964969.9858669229
0.4                       0.3500000000000001       991899.3460378705
0.5                       0.3500000000000001       1027208.3158064102
0.6000000000000001        0.3500000000000001       1070021.0887600698
0.7000000000000001        0.3500000000000001       1119216.4633059665
0.8                       0.3500000000000001       1176748.123505974
0.9000000000000001        0.3500000000000001       1246496.620492791
1                         0.3500000000000001       1321523.952913449
1.1                       0.3500000000000001       1412452.1522616206
1.2000000000000002        0.3500000000000001       1514320.2663503005
1.3000000000000003        0.3500000000000001       1635728.9522945697
1.4000000000000001        0.3500000000000001       1784338.9446840042
1.5                       0.3500000000000001       1960627.56945812
1.6                       0.3500000000000001       2191213.8729076525
1.7000000000000002        0.3500000000000001       2462050.083072388
1.8000000000000003        0.3500000000000001       2816329.312668827
1.9000000000000001        0.3500000000000001       3312692.6354138353
2                         0.3500000000000001       3979795.71440717
0                         0.4500000000000002       1077243.1625892215
0.1                       0.4500000000000002       1081201.1251864033
0.2                       0.4500000000000002       1091605.2461524163
0.30000000000000004       0.4500000000000002       1108920.946577246
0.4                       0.4500000000000002       1134200.1725396141
0.5                       0.4500000000000002       1164708.1944673862
0.6000000000000001        0.4500000000000002       1203815.4303143215
0.7000000000000001        0.4500000000000002       1250720.3701090459
0.8                       0.4500000000000002       1303003.7252103875
0.9000000000000001        0.4500000000000002       1365116.750475966
1                         0.4500000000000002       1439342.2611508705
1.1                       0.4500000000000002       1517704.6628418963
1.2000000000000002        0.4500000000000002       1612408.1555566431
1.3000000000000003        0.4500000000000002       1722540.776829298
1.4000000000000001        0.4500000000000002       1854686.3906853972
1.5                       0.4500000000000002       2012385.8541633466
1.6                       0.4500000000000002       2208700.9470992666
1.7000000000000002        0.4500000000000002       2447433.433291965
1.8000000000000003        0.4500000000000002       2743584.8922199807
1.9000000000000001        0.4500000000000002       3133381.5556949396
2                         0.4500000000000002       3604760.597225582
0                         0.5500000000000003       1221052.5626543614
0.1                       0.5500000000000003       1224567.0394721762
0.2                       0.5500000000000003       1234339.6610764293
0.30000000000000004       0.5500000000000003       1250060.6962256918
0.4                       0.5500000000000003       1272389.7696626564
0.5                       0.5500000000000003       1301123.6345379772
0.6000000000000001        0.5500000000000003       1336522.0270998639
0.7000000000000001        0.5500000000000003       1378117.4185587245
0.8                       0.5500000000000003       1427693.8928952436
0.9000000000000001        0.5500000000000003       1483178.0087460778
1                         0.5500000000000003       1547530.0283713047
1.1                       0.5500000000000003       1623237.5387549405
1.2000000000000002        0.5500000000000003       1704340.2907717142
1.3000000000000003        0.5500000000000003       1802643.9716473287
1.4000000000000001        0.5500000000000003       1909623.1407940455
1.5                       0.5500000000000003       2050584.7689592717
1.6                       0.5500000000000003       2210617.7414979124
1.7000000000000002        0.5500000000000003       2410416.197786525
1.8000000000000003        0.5500000000000003       2646929.2090446446
1.9000000000000001        0.5500000000000003       2923870.952303768
2                         0.5500000000000003       3255421.3284893082
0                         0.6500000000000004       1360350.6677462093
0.1                       0.6500000000000004       1363669.9191408278
0.2                       0.6500000000000004       1372378.794390641
0.30000000000000004       0.6500000000000004       1386574.8137736612
0.4                       0.6500000000000004       1407234.9059551847
0.5                       0.6500000000000004       1432809.5613107479
0.6000000000000001        0.6500000000000004       1465160.7195436887
0.7000000000000001        0.6500000000000004       1502908.668821381
0.8                       0.6500000000000004       1545835.4755139532
0.9000000000000001        0.6500000000000004       1598704.222930724
1                         0.6500000000000004       1653616.818259845
1.1                       0.6500000000000004       1717362.6098622808
1.2000000000000002        0.6500000000000004       1789065.8681632727
1.3000000000000003        0.6500000000000004       1873548.995359007
1.4000000000000001        0.6500000000000004       1965101.5852693566
1.5                       0.6500000000000004       2071747.2484213046
1.6                       0.6500000000000004       2202979.3336227923
1.7000000000000002        0.6500000000000004       2340770.6059275554
1.8000000000000003        0.6500000000000004       2509178.59694056
1.9000000000000001        0.6500000000000004       2707051.1890685754
2                         0.6500000000000004       2932791.827703847
0                         0.75                     1495009.1492517674
0.1                       0.75                     1498043.127840327
0.2                       0.75                     1506090.2500898386
0.30000000000000004       0.75                     1519109.2135010257
0.4                       0.75                     1537873.0531745693
0.5                       0.75                     1561122.315716503
0.6000000000000001        0.75                     1590010.4759790627
0.7000000000000001        0.75                     1624343.5624912686
0.8                       0.75                     1663028.923136736
0.9000000000000001        0.75                     1705987.264562462
1                         0.75                     1756327.0527437602
1.1                       0.75                     1809755.2825276374
1.2000000000000002        0.75                     1867335.7785976846
1.3000000000000003        0.75                     1928670.358466468
1.4000000000000001        0.75                     2001655.7119033006
1.5                       0.75                     2068450.520022074
1.6                       0.75                     2164022.613749674
1.7000000000000002        0.75                     2264479.9078900698
1.8000000000000003        0.75                     2372162.17400597
1.9000000000000001        0.75                     2494753.4901677426
2                         0.75                     2640074.863855317
0                         0.8500000000000006       1624971.3922331247
0.1                       0.8500000000000006       1627771.7906993798
0.2                       0.8500000000000006       1635119.0678044255
0.30000000000000004       0.8500000000000006       1646833.5693175911
0.4                       0.8500000000000006       1663763.0893569633
0.5                       0.8500000000000006       1684926.7169676463
0.6000000000000001        0.8500000000000006       1711035.812643198
0.7000000000000001        0.8500000000000006       1740536.64393196
0.8                       0.8500000000000006       1774659.607269878
0.9000000000000001        0.8500000000000006       1813914.5649610558
1                         0.8500000000000006       1852349.25643307
1.1                       0.8500000000000006       1897715.5960801279
1.2000000000000002        0.8500000000000006       1944103.7829160672
1.3000000000000003        0.8500000000000006       1985325.66058637
1.4000000000000001        0.8500000000000006       2040676.5367824729
1.5                       0.8500000000000006       2082773.3143548437
1.6                       0.8500000000000006       2111600.934157055
1.7000000000000002        0.8500000000000006       2172682.1786854398
1.8000000000000003        0.8500000000000006       2222051.358615958
1.9000000000000001        0.8500000000000006       2290316.8381451457
2                         0.8500000000000006       2364375.223877267
0                         0.9500000000000002       1750292.3324845664
0.1                       0.9500000000000002       1752891.227656703
0.2                       0.9500000000000002       1759618.1786354175
0.30000000000000004       0.9500000000000002       1770455.4892590956
0.4                       0.9500000000000002       1785974.9727504044
0.5                       0.9500000000000002       1804897.8981787693
0.6000000000000001        0.9500000000000002       1828082.7923927794
0.7000000000000001        0.9500000000000002       1855489.8196985107
0.8                       0.9500000000000002       1884529.7851802434
0.9000000000000001        0.9500000000000002       1915281.2946432435
1                         0.9500000000000002       1951329.3469471477
1.1                       0.9500000000000002       1983908.1157155563
1.2000000000000002        0.9500000000000002       2013209.798422001
1.3000000000000003        0.9500000000000002       2045237.7499517654
1.4000000000000001        0.9500000000000002       2069582.4271337534
1.5                       0.9500000000000002       2076959.5703866614
1.6                       0.9500000000000002       2092154.2146842603
1.7000000000000002        0.9500000000000002       2081573.1525962884
1.8000000000000003        0.9500000000000002       2075709.2785610245
1.9000000000000001        0.9500000000000002       2089950.6729970174
2                         0.9500000000000002       2124492.5843259892
0                         1.05                     1871070.9106163273
0.1                       1.05                     1873500.2905207553
0.2                       1.05                     1879742.7400455233
0.30000000000000004       1.05                     1889592.8149218236
0.4                       1.05                     1903850.355779724
0.5                       1.05                     1921277.3999996542
0.6000000000000001        1.05                     1942361.207464199
0.7000000000000001        1.05                     1965764.5188454124
0.8                       1.05                     1992127.90049699
0.9000000000000001        1.05                     2019895.6000147718
1                         1.05                     2045518.935180607
1.1                       1.05                     2071599.8133867574
1.2000000000000002        1.05                     2093890.9402351966
1.3000000000000003        1.05                     2106385.5684304964
1.4000000000000001        1.05                     2109409.6966069606
1.5                       1.05                     2092384.251566539
1.6                       1.05                     2062335.949213793
1.7000000000000002        1.05                     2006122.3017547019
1.8000000000000003        1.05                     1934861.1180010866
1.9000000000000001        1.05                     1870706.386821242
2                         1.05                     1876886.4535477015
0                         1.1500000000000004       1987379.635665444
0.1                       1.1500000000000004       1989650.507792031
0.2                       1.1500000000000004       1995569.1808609646
0.30000000000000004       1.1500000000000004       2004921.44397742
0.4                       1.1500000000000004       2018288.9271782783
0.5                       1.1500000000000004       2034263.8162257369
0.6000000000000001        1.1500000000000004       2053679.2203749341
0.7000000000000001        1.1500000000000004       2075763.3001494387
0.8                       1.1500000000000004       2098639.3983018063
0.9000000000000001        1.1500000000000004       2121134.7417599214
1                         1.1500000000000004       2146229.8874068526
1.1                       1.1500000000000004       2165942.259581255
1.2000000000000002        1.1500000000000004       2177793.456538453
1.3000000000000003        1.1500000000000004       2180411.246109887
1.4000000000000001        1.1500000000000004       2168046.5144044757
1.5                       1.1500000000000004       2136675.537757677
1.6                       1.1500000000000004       2062209.2136905494
1.7000000000000002        1.1500000000000004       1952974.575346172
1.8000000000000003        1.1500000000000004       1804122.371891605
1.9000000000000001        1.1500000000000004       1642685.7129535393
2                         1.1500000000000004       1569599.01006722
0                         1.25                     2099202.9295262573
0.1                       1.25                     2101487.2956881365
0.2                       1.25                     2107044.171144881
0.30000000000000004       1.25                     2115899.520068929
0.4                       1.25                     2128976.589756268
0.5                       1.25                     2144093.250952645
0.6000000000000001        1.25                     2162507.6630919278
0.7000000000000001        1.25                     2183430.5659398036
0.8                       1.25                     2205219.5437176656
0.9000000000000001        1.25                     2227556.3995045233
1                         1.25                     2248273.8626802904
1.1                       1.25                     2266107.356140642
1.2000000000000002        1.25                     2275785.3773533283
1.3000000000000003        1.25                     2279137.507313888
1.4000000000000001        1.25                     2258008.855777807
1.5                       1.25                     2205921.2618800383
1.6                       1.25                     2121540.7135113343
1.7000000000000002        1.25                     1962650.770809945
1.8000000000000003        1.25                     1734241.298482605
1.9000000000000001        1.25                     1391083.6082187148
2                         1.25                     1085662.4826675158
0                         1.3500000000000005       2206465.289354399
0.1                       1.3500000000000005       2208608.906709825
0.2                       1.3500000000000005       2214337.7895961846
0.30000000000000004       1.3500000000000005       2223156.810447649
0.4                       1.3500000000000005       2235540.9071743754
0.5                       1.3500000000000005       2250874.076842689
0.6000000000000001        1.3500000000000005       2269614.134962851
0.7000000000000001        1.3500000000000005       2289587.3712543887
0.8                       1.3500000000000005       2311520.3799616336
0.9000000000000001        1.3500000000000005       2335277.082822898
1                         1.3500000000000005       2356937.488606639
1.1                       1.3500000000000005       2373904.464366277
1.2000000000000002        1.3500000000000005       2386325.284201677
1.3000000000000003        1.3500000000000005       2388703.3090483216
1.4000000000000001        1.3500000000000005       2366966.165516116
1.5                       1.3500000000000005       2335079.234012005
1.6                       1.3500000000000005       2230413.5727587603
1.7000000000000002        1.3500000000000005       2079860.5811083172
1.8000000000000003        1.3500000000000005       1820271.3703937496
1.9000000000000001        1.3500000000000005       1353056.2910405814
2                         1.3500000000000005       500731.73983321973
0                         1.4500000000000002       2308839.694694283
0.1                       1.4500000000000002       2311227.956161378
0.2                       1.4500000000000002       2316662.345469766
0.30000000000000004       1.4500000000000002       2325523.6455380856
0.4                       1.4500000000000002       2339031.41704393
0.5                       1.4500000000000002       2353873.0994981863
0.6000000000000001        1.4500000000000002       2372560.4978045803
0.7000000000000001        1.4500000000000002       2395174.508431369
0.8                       1.4500000000000002       2418259.5646391413
0.9000000000000001        1.4500000000000002       2441497.981386224
1                         1.4500000000000002       2467316.3148011244
1.1                       1.4500000000000002       2491910.079876087
1.2000000000000002        1.4500000000000002       2510802.1390000368
1.3000000000000003        1.4500000000000002       2519680.6352421567
1.4000000000000001        1.4500000000000002       2526872.8653587555
1.5                       1.4500000000000002       2497715.1695434954
1.6                       1.4500000000000002       2455819.892831637
1.7000000000000002        1.4500000000000002       2340164.984260415
1.8000000000000003        1.4500000000000002       2189923.7007356067
1.9000000000000001        1.4500000000000002       1947535.4267719225
2                         1.4500000000000002       1723205.368539513
0                         1.5500000000000007       2406022.482955919
0.1                       1.5500000000000007       2408279.8771081967
0.2                       1.5500000000000007       2414368.7212818344
0.30000000000000004       1.5500000000000007       2423593.583018421
0.4                       1.5500000000000007       2436512.789829089
0.5                       1.5500000000000007       2453220.0911055
0.6000000000000001        1.5500000000000007       2474277.7206849325
0.7000000000000001        1.5500000000000007       2496006.0065551535
0.8                       1.5500000000000007       2521927.768943873
0.9000000000000001        1.5500000000000007       2553595.7863253737
1                         1.5500000000000007       2580953.4245596994
1.1                       1.5500000000000007       2611698.2841769927
1.2000000000000002        1.5500000000000007       2643035.4393189657
1.3000000000000003        1.5500000000000007       2672592.5969812027
1.4000000000000001        1.5500000000000007       2698198.59363615
1.5                       1.5500000000000007       2714082.173996458
1.6                       1.5500000000000007       2731962.1943774116
1.7000000000000002        1.5500000000000007       2731963.940197543
1.8000000000000003        1.5500000000000007       2759342.2516362746
1.9000000000000001        1.5500000000000007       2875689.2004364436
2                         1.5500000000000007       3551301.1022352776
0                         1.6500000000000004       2497357.409199266
0.1                       1.6500000000000004       2500021.7829611907
0.2                       1.6500000000000004       2505857.8326678183
0.30000000000000004       1.6500000000000004       2515525.7925991504
0.4                       1.6500000000000004       2530602.4220805382
0.5                       1.6500000000000004       2547007.863015745
0.6000000000000001        1.6500000000000004       2568631.8430057094
0.7000000000000001        1.6500000000000004       2595945.956438398
0.8                       1.6500000000000004       2624686.4502912466
0.9000000000000001        1.6500000000000004       2655433.545989451
1                         1.6500000000000004       2693980.03817361
1.1                       1.6500000000000004       2735562.3149129334
1.2000000000000002        1.6500000000000004       2780740.5462376284
1.3000000000000003        1.6500000000000004       2830517.304251089
1.4000000000000001        1.6500000000000004       2877749.338060388
1.5                       1.6500000000000004       2957757.473229803
1.6                       1.6500000000000004       3028211.230846124
1.7000000000000002        1.6500000000000004       3150592.442322581
1.8000000000000003        1.6500000000000004       3356853.8633924755
1.9000000000000001        1.6500000000000004       3816050.523420401
2                         1.6500000000000004       4892228.850861783
0                         1.75                     2582362.5228293873
0.1                       1.75                     2584913.994217832
0.2                       1.75                     2591638.078928842
0.30000000000000004       1.75                     2601831.820451872
0.4                       1.75                     2616388.179519982
0.5                       1.75                     2635565.8552357387
0.6000000000000001        1.75                     2660275.1588234087
0.7000000000000001        1.75                     2686675.6899672137
0.8                       1.75                     2719569.6077570734
0.9000000000000001        1.75                     2762296.573760748
1                         1.75                     2801969.0632977993
1.1                       1.75                     2850115.629175441
1.2000000000000002        1.75                     2911755.55077395
1.3000000000000003        1.75                     2980224.5396131645
1.4000000000000001        1.75                     3067843.481424799
1.5                       1.75                     3172606.1430222024
1.6                       1.75                     3314429.0245130896
1.7000000000000002        1.75                     3530238.8498833077
1.8000000000000003        1.75                     3861646.1098896796
1.9000000000000001        1.75                     4442594.43014447
2                         1.75                     5532399.109376877
0                         1.8500000000000005       2660228.4228924885
0.1                       1.8500000000000005       2663195.0482173404
0.2                       1.8500000000000005       2669699.428764299
0.30000000000000004       1.8500000000000005       2680446.943107859
0.4                       1.8500000000000005       2697293.708211936
0.5                       1.8500000000000005       2716124.9655223256
0.6000000000000001        1.8500000000000005       2741692.2138269376
0.7000000000000001        1.8500000000000005       2774083.4441649015
0.8                       1.8500000000000005       2809310.1856728895
0.9000000000000001        1.8500000000000005       2850418.155804865
1                         1.8500000000000005       2905023.7677848334
1.1                       1.8500000000000005       2964480.135620027
1.2000000000000002        1.8500000000000005       3033066.990335526
1.3000000000000003        1.8500000000000005       3127215.485261437
1.4000000000000001        1.8500000000000005       3231718.0075340737
1.5                       1.8500000000000005       3364626.6688764496
1.6                       1.8500000000000005       3562435.571769929
1.7000000000000002        1.8500000000000005       3822402.8012342127
1.8000000000000003        1.8500000000000005       4189746.418636703
1.9000000000000001        1.8500000000000005       4744080.869414566
2                         1.8500000000000005       5590824.722262954
0                         1.9500000000000002       2730452.581330236
0.1                       1.9500000000000002       2733333.6114631756
0.2                       1.9500000000000002       2740593.9570227265
0.30000000000000004       1.9500000000000002       2751755.6588257775
0.4                       1.9500000000000002       2768128.7136635403
0.5                       1.9500000000000002       2789448.78576379
0.6000000000000001        1.9500000000000002       2817284.2078376557
0.7000000000000001        1.9500000000000002       2848737.3718101103
0.8                       1.9500000000000002       2887729.4128636727
0.9000000000000001        1.9500000000000002       2938301.7939444045
1                         1.9500000000000002       2990800.271929959
1.1                       1.9500000000000002       3059249.4755283967
1.2000000000000002        1.9500000000000002       3144430.1076190514
1.3000000000000003        1.9500000000000002       3237742.9005620726
1.4000000000000001        1.9500000000000002       3365733.658241513
1.5                       1.9500000000000002       3534148.7367767426
1.6                       1.9500000000000002       3723402.547502212
1.7000000000000002        1.9500000000000002       4003814.1688530324
1.8000000000000003        1.9500000000000002       4377604.111279418
1.9000000000000001        1.9500000000000002       4885367.942212281
2                         1.9500000000000002       5482747.952861467
0                         2.0500000000000007       2792349.883063151
0.1                       2.0500000000000007       2795494.2421819502
0.2                       2.0500000000000007       2802568.977999091
0.30000000000000004       2.0500000000000007       2814072.290523447
0.4                       2.0500000000000007       2831894.513998192
0.5                       2.0500000000000007       2852724.564644021
0.6000000000000001        2.0500000000000007       2881182.4927271698
0.7000000000000001        2.0500000000000007       2916263.512945261
0.8                       2.0500000000000007       2956122.8828710257
0.9000000000000001        2.0500000000000007       3006204.692641506
1                         2.0500000000000007       3066798.571225845
1.1                       2.0500000000000007       3138867.914983374
1.2000000000000002        2.0500000000000007       3223833.1916655595
1.3000000000000003        2.0500000000000007       3332792.0147136417
1.4000000000000001        2.0500000000000007       3470841.984394853
1.5                       2.0500000000000007       3633324.9952899683
1.6                       2.0500000000000007       3840621.772465616
1.7000000000000002        2.0500000000000007       4109305.4774551196
1.8000000000000003        2.0500000000000007       4439046.905994894
1.9000000000000001        2.0500000000000007       4879509.223703794
2                         2.0500000000000007       5374014.363480099
0                         2.1500000000000004       2845581.2253712476
0.1                       2.1500000000000004       2848676.6166571276
0.2                       2.1500000000000004       2856062.8026056504
0.30000000000000004       2.1500000000000004       2867645.447840023
0.4                       2.1500000000000004       2885107.406188057
0.5                       2.1500000000000004       2906970.1275152396
0.6000000000000001        2.1500000000000004       2935955.8496740535
0.7000000000000001        2.1500000000000004       2970262.860685402
0.8                       2.1500000000000004       3011233.1523217205
0.9000000000000001        2.1500000000000004       3064247.1751503665
1                         2.1500000000000004       3123562.7014984908
1.1                       2.1500000000000004       3195959.0476383716
1.2000000000000002        2.1500000000000004       3285745.546469267
1.3000000000000003        2.1500000000000004       3396971.1700079767
1.4000000000000001        2.1500000000000004       3526786.2899134737
1.5                       2.1500000000000004       3692511.250803047
1.6                       2.1500000000000004       3912840.2780858804
1.7000000000000002        2.1500000000000004       4167398.557496954
1.8000000000000003        2.1500000000000004       4464961.9077904
1.9000000000000001        2.1500000000000004       4815275.009996414
2                         2.1500000000000004       5209741.3701667795
0                         2.2500000000000004       2889824.5033330647
0.1                       2.2500000000000004       2892929.7516732095
0.2                       2.2500000000000004       2900189.5599167524
0.30000000000000004       2.2500000000000004       2911696.977653914
0.4                       2.2500000000000004       2929176.6619083253
0.5                       2.2500000000000004       2950549.644446678
0.6000000000000001        2.2500000000000004       2979354.5756499353
0.7000000000000001        2.2500000000000004       3013428.7861550627
0.8                       2.2500000000000004       3053904.7592263957
0.9000000000000001        2.2500000000000004       3105182.3110114103
1                         2.2500000000000004       3163465.5421215305
1.1                       2.2500000000000004       3236969.3466725345
1.2000000000000002        2.2500000000000004       3321767.1505691176
1.3000000000000003        2.2500000000000004       3425165.703438548
1.4000000000000001        2.2500000000000004       3546515.430847013
1.5                       2.2500000000000004       3714273.786728872
1.6                       2.2500000000000004       3907337.08335436
1.7000000000000002        2.2500000000000004       4147121.9580848203
1.8000000000000003        2.2500000000000004       4437402.0586520815
1.9000000000000001        2.2500000000000004       4753050.4150853
2                         2.2500000000000004       5093122.139452056
0                         2.3500000000000005       2925013.5460077915
0.1                       2.3500000000000005       2928108.2376000686
0.2                       2.3500000000000005       2935130.77497776
0.30000000000000004       2.3500000000000005       2946334.801600122
0.4                       2.3500000000000005       2963601.3039276954
0.5                       2.3500000000000005       2984158.005449517
0.6000000000000001        2.3500000000000005       3011591.2169913384
0.7000000000000001        2.3500000000000005       3045276.9837249448
0.8                       2.3500000000000005       3083215.0143611175
0.9000000000000001        2.3500000000000005       3131501.4514591936
1                         2.3500000000000005       3188919.0997981634
1.1                       2.3500000000000005       3253192.139413794
1.2000000000000002        2.3500000000000005       3332276.6496064565
1.3000000000000003        2.3500000000000005       3423505.4305989384
1.4000000000000001        2.3500000000000005       3548302.705380893
1.5                       2.3500000000000005       3694842.116932044
1.6                       2.3500000000000005       3872437.152762397
1.7000000000000002        2.3500000000000005       4093280.3231985746
1.8000000000000003        2.3500000000000005       4364247.875133432
1.9000000000000001        2.3500000000000005       4679682.928302169
2                         2.3500000000000005       5016045.610375008
0                         2.45                     2951269.3252023817
0.1                       2.45                     2954140.2406718736
0.2                       2.45                     2961101.520202623
0.30000000000000004       2.45                     2971827.66780051
0.4                       2.45                     2987767.129021242
0.5                       2.45                     3007933.5893379385
0.6000000000000001        2.45                     3034332.6162013817
0.7000000000000001        2.45                     3064188.229064866
0.8                       2.45                     3100610.2341647935
0.9000000000000001        2.45                     3146460.9628500477
1                         2.45                     3194217.148869009
1.1                       2.45                     3256261.80517986
1.2000000000000002        2.45                     3324664.755943057
1.3000000000000003        2.45                     3404297.7133577457
1.4000000000000001        2.45                     3507576.394822163
1.5                       2.45                     3630289.118797518
1.6                       2.45                     3794825.717025173
1.7000000000000002        2.45                     4011365.14593212
1.8000000000000003        2.45                     4259770.910209277
1.9000000000000001        2.45                     4590700.9416279895
2                         2.45                     4976071.12904189
0                         2.5500000000000007       2968785.555065652
0.1                       2.5500000000000007       2971672.589221364
0.2                       2.5500000000000007       2978004.7073963676
0.30000000000000004       2.5500000000000007       2988172.9267324507
0.4                       2.5500000000000007       3004064.1592885423
0.5                       2.5500000000000007       3022025.1601987686
0.6000000000000001        2.5500000000000007       3045840.267195645
0.7000000000000001        2.5500000000000007       3075678.2464627326
0.8                       2.5500000000000007       3106994.789125233
0.9000000000000001        2.5500000000000007       3144602.703266816
1                         2.5500000000000007       3192100.2457399615
1.1                       2.5500000000000007       3241395.026000895
1.2000000000000002        2.5500000000000007       3295571.8501502383
1.3000000000000003        2.5500000000000007       3374314.4699923582
1.4000000000000001        2.5500000000000007       3453063.3470030036
1.5                       2.5500000000000007       3539201.9186982214
1.6                       2.5500000000000007       3657995.9561281158
1.7000000000000002        2.5500000000000007       3840366.1564320996
1.8000000000000003        2.5500000000000007       4099962.556413548
1.9000000000000001        2.5500000000000007       4448947.264486389
2                         2.5500000000000007       4948081.324370704
0                         2.6500000000000004       2978004.2559995907
0.1                       2.6500000000000004       2980564.0530008557
0.2                       2.6500000000000004       2986888.2003432186
0.30000000000000004       2.6500000000000004       2996393.4562910064
0.4                       2.6500000000000004       3010336.3782691453
0.5                       2.6500000000000004       3028067.6532992152
0.6000000000000001        2.6500000000000004       3050429.9906839146
0.7000000000000001        2.6500000000000004       3074740.551777914
0.8                       2.6500000000000004       3104061.0460800743
0.9000000000000001        2.6500000000000004       3140076.505744848
1                         2.6500000000000004       3172577.017418677
1.1                       2.6500000000000004       3212170.5079335067
1.2000000000000002        2.6500000000000004       3265485.89233719
1.3000000000000003        2.6500000000000004       3305506.847449294
1.4000000000000001        2.6500000000000004       3354110.5826458246
1.5                       2.6500000000000004       3419826.88140697
1.6                       2.6500000000000004       3499759.3918104325
1.7000000000000002        2.6500000000000004       3623895.4342142357
1.8000000000000003        2.6500000000000004       3818138.0767237702
1.9000000000000001        2.6500000000000004       4196879.9640893685
2                         2.6500000000000004       4827496.16912
0                         2.75                     2979249.493571127
0.1                       2.75                     2981830.6595313624
0.2                       2.75                     2987473.6214933614
0.30000000000000004       2.75                     2996453.908249699
0.4                       2.75                     3010436.6588821444
0.5                       2.75                     3025750.255327539
0.6000000000000001        2.75                     3045568.0153306024
0.7000000000000001        2.75                     3070036.6451706933
0.8                       2.75                     3094127.7942504263
0.9000000000000001        2.75                     3120505.161626102
1                         2.75                     3153450.7675955975
1.1                       2.75                     3182908.835116036
1.2000000000000002        2.75                     3212180.7894675545
1.3000000000000003        2.75                     3235934.1473406246
1.4000000000000001        2.75                     3264261.4387567677
1.5                       2.75                     3281466.904516532
1.6                       2.75                     3307415.5700141867
1.7000000000000002        2.75                     3334402.2789773233
1.8000000000000003        2.75                     3422968.1697786786
1.9000000000000001        2.75                     3699643.267281792
2                         2.75                     4469540.033323769
