% Model:              ring_decel_osterwalder.mph
% Version:            COMSOL 5.4.0.225
% Date:               Mar 19 2019, 15:34
% Dimension:          2
% Nodes:              1281
% Expressions:        1
% Description:        Electric field norm
% Length unit:        mm
% r                       z                        es.normE (V/m) @ ph=0.47124
0                         -3                       2655312.5901211877
0.1                       -3                       2654618.38052394
0.2                       -3                       2660093.891185235
0.30000000000000004       -3                       2668522.298646717
0.4                       -3                       2681082.222341369
0.5                       -3                       2696054.539854695
0.6000000000000001        -3                       2714460.0762189752
0.7000000000000001        -3                       2735223.5106693944
0.8                       -3                       2757104.393193206
0.9000000000000001        -3                       2780979.2514572158
1                         -3                       2804777.9030214488
1.1                       -3                       2824999.670262645
1.2000000000000002        -3                       2841227.0698179076
1.3000000000000003        -3                       2850208.740670399
1.4000000000000001        -3                       2841089.6945876502
1.5                       -3                       2804974.6861293497
1.6                       -3                       2754437.994609196
1.7000000000000002        -3                       2623945.369187656
1.8000000000000003        -3                       2413193.389824346
1.9000000000000001        -3                       2079912.8118301083
2                         -3                       2.9802322387695312E-8
0                         -2.9                     2576498.507328505
0.1                       -2.9                     2579253.127565565
0.2                       -2.9                     2583735.867302862
0.30000000000000004       -2.9                     2592445.658315225
0.4                       -2.9                     2604712.931745048
0.5                       -2.9                     2619118.7938356027
0.6000000000000001        -2.9                     2636830.4390937765
0.7000000000000001        -2.9                     2656483.567670667
0.8                       -2.9                     2678313.394326958
0.9000000000000001        -2.9                     2698601.090019403
1                         -2.9                     2718271.53200419
1.1                       -2.9                     2733417.634752576
1.2000000000000002        -2.9                     2744002.2423103363
1.3000000000000003        -2.9                     2741991.1446968643
1.4000000000000001        -2.9                     2715150.638369343
1.5                       -2.9                     2666622.6585870595
1.6                       -2.9                     2569607.688656707
1.7000000000000002        -2.9                     2396531.081111771
1.8000000000000003        -2.9                     2061262.3392455464
1.9000000000000001        -2.9                     1464914.950155083
2                         -2.9                     342700.68997580645
0                         -2.8                     2493852.5600305046
0.1                       -2.8                     2497084.396108211
0.2                       -2.8                     2502471.836612974
0.30000000000000004       -2.8                     2510801.654171175
0.4                       -2.8                     2523065.182375633
0.5                       -2.8                     2537675.2215913655
0.6000000000000001        -2.8                     2555412.5275466125
0.7000000000000001        -2.8                     2575056.5187880574
0.8                       -2.8                     2595682.5339874257
0.9000000000000001        -2.8                     2617029.622355521
1                         -2.8                     2636667.4183777743
1.1                       -2.8                     2652734.4854033887
1.2000000000000002        -2.8                     2661104.2345082276
1.3000000000000003        -2.8                     2656296.7682081265
1.4000000000000001        -2.8                     2631228.8543135873
1.5                       -2.8                     2579660.236976698
1.6                       -2.8                     2481534.6865528836
1.7000000000000002        -2.8                     2324445.234883761
1.8000000000000003        -2.8                     2046080.2519072287
1.9000000000000001        -2.8                     1716339.6353412091
2                         -2.8                     1509659.0615804824
0                         -2.7                     2407546.136208174
0.1                       -2.7                     2410322.7445075014
0.2                       -2.7                     2415009.4479702916
0.30000000000000004       -2.7                     2424055.424291517
0.4                       -2.7                     2436749.4792755637
0.5                       -2.7                     2451688.4310397864
0.6000000000000001        -2.7                     2470261.1045570336
0.7000000000000001        -2.7                     2490850.197548999
0.8                       -2.7                     2513540.116022461
0.9000000000000001        -2.7                     2535492.5449459776
1                         -2.7                     2557260.241189221
1.1                       -2.7                     2574415.1868851027
1.2000000000000002        -2.7                     2588583.2404114795
1.3000000000000003        -2.7                     2588834.7635567463
1.4000000000000001        -2.7                     2580125.284454093
1.5                       -2.7                     2545275.5663246964
1.6                       -2.7                     2482834.6407499616
1.7000000000000002        -2.7                     2366936.2734066527
1.8000000000000003        -2.7                     2234143.6486996887
1.9000000000000001        -2.7                     2144504.961087893
2                         -2.7                     2250966.961074282
0                         -2.6000000000000005      2317495.6169815753
0.1                       -2.6000000000000005      2317029.384802929
0.2                       -2.6000000000000005      2322858.803273778
0.30000000000000004       -2.6000000000000005      2331925.4157460965
0.4                       -2.6000000000000005      2345328.663027947
0.5                       -2.6000000000000005      2361512.968135301
0.6000000000000001        -2.6000000000000005      2381280.608107825
0.7000000000000001        -2.6000000000000005      2403727.7757856403
0.8                       -2.6000000000000005      2428126.740308474
0.9000000000000001        -2.6000000000000005      2454435.816967341
1                         -2.6000000000000005      2480032.583893056
1.1                       -2.6000000000000005      2505881.1189020886
1.2000000000000002        -2.6000000000000005      2526218.549655157
1.3000000000000003        -2.6000000000000005      2542637.845867271
1.4000000000000001        -2.6000000000000005      2553948.5115920044
1.5                       -2.6000000000000005      2543919.1210030434
1.6                       -2.6000000000000005      2513898.4654204072
1.7000000000000002        -2.6000000000000005      2479676.3677621894
1.8000000000000003        -2.6000000000000005      2457375.28352825
1.9000000000000001        -2.6000000000000005      2483355.4774094378
2                         -2.6000000000000005      2623432.0026108213
0                         -2.5                     2216091.97172647
0.1                       -2.5                     2219116.5311925313
0.2                       -2.5                     2224391.6290197126
0.30000000000000004       -2.5                     2234611.811139975
0.4                       -2.5                     2249025.940978523
0.5                       -2.5                     2266033.9645803813
0.6000000000000001        -2.5                     2288174.9628493097
0.7000000000000001        -2.5                     2313191.3482462624
0.8                       -2.5                     2340349.414379999
0.9000000000000001        -2.5                     2371686.4498534664
1                         -2.5                     2404616.249965086
1.1                       -2.5                     2438350.1722857626
1.2000000000000002        -2.5                     2473943.8526438447
1.3000000000000003        -2.5                     2500961.1530889138
1.4000000000000001        -2.5                     2532842.2724164813
1.5                       -2.5                     2548233.327983356
1.6                       -2.5                     2578206.219656139
1.7000000000000002        -2.5                     2606674.337445185
1.8000000000000003        -2.5                     2647631.8979423516
1.9000000000000001        -2.5                     2729055.2728458187
2                         -2.5                     2866300.5244020745
0                         -2.4                     2110657.862920368
0.1                       -2.4                     2114411.8852810212
0.2                       -2.4                     2121061.36377246
0.30000000000000004       -2.4                     2131482.4660940897
0.4                       -2.4                     2147030.2825576747
0.5                       -2.4                     2166142.1767280796
0.6000000000000001        -2.4                     2189902.3799580242
0.7000000000000001        -2.4                     2217772.479171028
0.8                       -2.4                     2249468.462077126
0.9000000000000001        -2.4                     2285829.3251915458
1                         -2.4                     2323787.1344994544
1.1                       -2.4                     2368929.105076176
1.2000000000000002        -2.4                     2416621.813402274
1.3000000000000003        -2.4                     2465649.486932225
1.4000000000000001        -2.4                     2512879.6522279102
1.5                       -2.4                     2579061.069680875
1.6                       -2.4                     2645957.4685743577
1.7000000000000002        -2.4                     2714694.300674066
1.8000000000000003        -2.4                     2812576.670214852
1.9000000000000001        -2.4                     2935315.4537141817
2                         -2.4                     3077335.9229006916
0                         -2.3                     2001466.1607759483
0.1                       -2.3                     2004829.2021662008
0.2                       -2.3                     2010921.1104595335
0.30000000000000004       -2.3                     2022739.909080281
0.4                       -2.3                     2039525.3592529858
0.5                       -2.3                     2059412.9512097824
0.6000000000000001        -2.3                     2086394.8757905997
0.7000000000000001        -2.3                     2117477.1556326887
0.8                       -2.3                     2151835.9541333774
0.9000000000000001        -2.3                     2194930.614675367
1                         -2.3                     2242085.3286251957
1.1                       -2.3                     2293369.9946135045
1.2000000000000002        -2.3                     2355307.672508834
1.3000000000000003        -2.3                     2421880.6509287236
1.4000000000000001        -2.3                     2499699.0210065925
1.5                       -2.3                     2587838.240671825
1.6                       -2.3                     2691512.196816361
1.7000000000000002        -2.3                     2811159.647136085
1.8000000000000003        -2.3                     2956576.699950141
1.9000000000000001        -2.3                     3120663.3092589485
2                         -2.3                     3309135.5680711567
0                         -2.2                     1884012.5388494208
0.1                       -2.2                     1888116.3451707514
0.2                       -2.2                     1895687.538144796
0.30000000000000004       -2.2                     1907666.7806157772
0.4                       -2.2                     1925595.8493650474
0.5                       -2.2                     1947937.6631750101
0.6000000000000001        -2.2                     1976202.0390722908
0.7000000000000001        -2.2                     2009986.2839709807
0.8                       -2.2                     2049533.8931610337
0.9000000000000001        -2.2                     2096690.3669154297
1                         -2.2                     2149143.7183416723
1.1                       -2.2                     2213296.283943826
1.2000000000000002        -2.2                     2285231.1257794616
1.3000000000000003        -2.2                     2373568.467609191
1.4000000000000001        -2.2                     2471387.2151265726
1.5                       -2.2                     2584605.5487466594
1.6                       -2.2                     2731435.5754573075
1.7000000000000002        -2.2                     2892491.079788682
1.8000000000000003        -2.2                     3091002.0444134055
1.9000000000000001        -2.2                     3311839.0791519643
2                         -2.2                     3551495.547211245
0                         -2.1                     1762771.628554667
0.1                       -2.1                     1766405.8599155238
0.2                       -2.1                     1773368.562323156
0.30000000000000004       -2.1                     1786719.975465736
0.4                       -2.1                     1805768.0827364956
0.5                       -2.1                     1828522.3816817154
0.6000000000000001        -2.1                     1859868.223648689
0.7000000000000001        -2.1                     1896481.3266150404
0.8                       -2.1                     1937717.6391525595
0.9000000000000001        -2.1                     1990880.0275831544
1                         -2.1                     2050686.8418160414
1.1                       -2.1                     2117972.8174905363
1.2000000000000002        -2.1                     2203778.690905208
1.3000000000000003        -2.1                     2301381.6613432476
1.4000000000000001        -2.1                     2413810.1581413816
1.5                       -2.1                     2571791.1627022107
1.6                       -2.1                     2733567.4693928305
1.7000000000000002        -2.1                     2949486.205730147
1.8000000000000003        -2.1                     3200291.2540043946
1.9000000000000001        -2.1                     3501300.978099567
2                         -2.1                     3840295.3357813107
0                         -2                       1633411.2042570447
0.1                       -2                       1637680.8711192827
0.2                       -2                       1646055.757616178
0.30000000000000004       -2                       1659463.6588964155
0.4                       -2                       1679390.4289994363
0.5                       -2                       1704394.5495632656
0.6000000000000001        -2                       1736408.013497342
0.7000000000000001        -2                       1774757.2462774685
0.8                       -2                       1820157.4370166382
0.9000000000000001        -2                       1875649.397371673
1                         -2                       1937905.7268677347
1.1                       -2                       2015726.2186057097
1.2000000000000002        -2                       2108202.380673468
1.3000000000000003        -2                       2217461.8074019994
1.4000000000000001        -2                       2357059.998251638
1.5                       -2                       2513437.0390604977
1.6                       -2                       2713864.519181579
1.7000000000000002        -2                       2960012.4704753025
1.8000000000000003        -2                       3288283.6794946217
1.9000000000000001        -2                       3675991.969128493
2                         -2                       4146456.7094553313
0                         -1.9                     1500548.25140883
0.1                       -1.9                     1504303.966218
0.2                       -1.9                     1512133.2718812064
0.30000000000000004       -1.9                     1526715.2794758375
0.4                       -1.9                     1547526.8556772075
0.5                       -1.9                     1572769.0431748452
0.6000000000000001        -1.9                     1606960.9167337825
0.7000000000000001        -1.9                     1647267.27679611
0.8                       -1.9                     1693501.0242776426
0.9000000000000001        -1.9                     1751887.9911821831
1                         -1.9                     1819044.6468628028
1.1                       -1.9                     1904716.261629387
1.2000000000000002        -1.9                     1993815.552337984
1.3000000000000003        -1.9                     2108987.725696311
1.4000000000000001        -1.9                     2251276.3116858765
1.5                       -1.9                     2429806.5336595667
1.6                       -1.9                     2650374.613473811
1.7000000000000002        -1.9                     2956100.1167508885
1.8000000000000003        -1.9                     3320853.4313053144
1.9000000000000001        -1.9                     3820115.154201806
2                         -1.9                     4462195.439894373
0                         -1.8                     1360597.3267673587
0.1                       -1.8                     1364819.8544653303
0.2                       -1.8                     1373895.366734705
0.30000000000000004       -1.8                     1388623.6535602391
0.4                       -1.8                     1410127.6982300796
0.5                       -1.8                     1437125.9984942898
0.6000000000000001        -1.8                     1471789.6440719715
0.7000000000000001        -1.8                     1512929.5901323415
0.8                       -1.8                     1561273.0831155046
0.9000000000000001        -1.8                     1620923.485838026
1                         -1.8                     1691493.574410216
1.1                       -1.8                     1770648.4589411574
1.2000000000000002        -1.8                     1868482.8533439308
1.3000000000000003        -1.8                     1986689.0661080582
1.4000000000000001        -1.8                     2131182.3992673885
1.5                       -1.8                     2313963.186549678
1.6                       -1.8                     2552457.8607134083
1.7000000000000002        -1.8                     2857918.96543942
1.8000000000000003        -1.8                     3300321.896929574
1.9000000000000001        -1.8                     3899613.7919696877
2                         -1.8                     4769138.4241916435
0                         -1.7                     1217817.737308362
0.1                       -1.7                     1221614.2493484174
0.2                       -1.7                     1230486.1600347236
0.30000000000000004       -1.7                     1246291.9715571327
0.4                       -1.7                     1268728.4665940125
0.5                       -1.7                     1296509.593907835
0.6000000000000001        -1.7                     1332387.999875802
0.7000000000000001        -1.7                     1374850.4087529832
0.8                       -1.7                     1424286.8483108936
0.9000000000000001        -1.7                     1483429.6674059252
1                         -1.7                     1550992.7448856116
1.1                       -1.7                     1636020.641210177
1.2000000000000002        -1.7                     1729065.2556297455
1.3000000000000003        -1.7                     1847184.8245072053
1.4000000000000001        -1.7                     1988223.2671531898
1.5                       -1.7                     2170910.891953594
1.6                       -1.7                     2392216.970493988
1.7000000000000002        -1.7                     2726430.9501207187
1.8000000000000003        -1.7                     3166813.677784404
1.9000000000000001        -1.7                     3827910.012600452
2                         -1.7                     4841487.35222062
0                         -1.5999999999999999      1069828.2873093823
0.1                       -1.5999999999999999      1073976.6972339114
0.2                       -1.5999999999999999      1084047.301074632
0.30000000000000004       -1.5999999999999999      1100587.22276401
0.4                       -1.5999999999999999      1124098.8287167842
0.5                       -1.5999999999999999      1153456.5895990727
0.6000000000000001        -1.5999999999999999      1190730.8303429603
0.7000000000000001        -1.5999999999999999      1234280.8428465414
0.8                       -1.5999999999999999      1283969.1921668528
0.9000000000000001        -1.5999999999999999      1344607.0212852221
1                         -1.5999999999999999      1410016.2639329543
1.1                       -1.5999999999999999      1492588.1206444805
1.2000000000000002        -1.5999999999999999      1575468.1279757456
1.3000000000000003        -1.5999999999999999      1694540.6783835206
1.4000000000000001        -1.5999999999999999      1832909.7075527727
1.5                       -1.5999999999999999      1992969.5922254608
1.6                       -1.5999999999999999      2222373.3997566476
1.7000000000000002        -1.5999999999999999      2517382.199607995
1.8000000000000003        -1.5999999999999999      2952486.3697889945
1.9000000000000001        -1.5999999999999999      3597541.300222269
2                         -1.5999999999999999      4691769.917076733
0                         -1.5                     919964.0929760007
0.1                       -1.5                     923996.3557111085
0.2                       -1.5                     934667.7251722593
0.30000000000000004       -1.5                     952757.0027096292
0.4                       -1.5                     978087.5229911355
0.5                       -1.5                     1009961.7842009831
0.6000000000000001        -1.5                     1048496.1868403604
0.7000000000000001        -1.5                     1093763.1998628397
0.8                       -1.5                     1146277.8045743138
0.9000000000000001        -1.5                     1205589.8030698784
1                         -1.5                     1271288.424732201
1.1                       -1.5                     1349782.474911991
1.2000000000000002        -1.5                     1435973.2169306825
1.3000000000000003        -1.5                     1543266.4139686213
1.4000000000000001        -1.5                     1665555.9934449797
1.5                       -1.5                     1819964.360380098
1.6                       -1.5                     2015484.1625728218
1.7000000000000002        -1.5                     2273977.2595853643
1.8000000000000003        -1.5                     2641319.534934126
1.9000000000000001        -1.5                     3206939.1999191423
2                         -1.5                     1.0745380149674383E-7
0                         -1.4                     767167.6696787364
0.1                       -1.4                     771681.7135134552
0.2                       -1.4                     784069.6633403251
0.30000000000000004       -1.4                     804452.7686384289
0.4                       -1.4                     832485.050958698
0.5                       -1.4                     867069.1743282041
0.6000000000000001        -1.4                     909508.7687035063
0.7000000000000001        -1.4                     957784.4811536841
0.8                       -1.4                     1010809.8444396955
0.9000000000000001        -1.4                     1072990.6814622208
1                         -1.4                     1140325.4617152922
1.1                       -1.4                     1211352.2870052261
1.2000000000000002        -1.4                     1298424.0534591968
1.3000000000000003        -1.4                     1387125.4880407716
1.4000000000000001        -1.4                     1497028.7992208598
1.5                       -1.4                     1632736.0013562278
1.6                       -1.4                     1791220.7095336574
1.7000000000000002        -1.4                     2010275.3057930162
1.8000000000000003        -1.4                     2302510.870566852
1.9000000000000001        -1.4                     2733502.2650286835
2                         -1.4                     3340189.1545693516
0                         -1.3                     613490.1149852835
0.1                       -1.3                     618602.8885242846
0.2                       -1.3                     633368.8064375658
0.30000000000000004       -1.3                     657312.8538825713
0.4                       -1.3                     689882.6749862651
0.5                       -1.3                     730242.7122139644
0.6000000000000001        -1.3                     776391.0875007896
0.7000000000000001        -1.3                     828932.425954384
0.8                       -1.3                     885190.4446971338
0.9000000000000001        -1.3                     949425.4295180071
1                         -1.3                     1015891.3870660227
1.1                       -1.3                     1092088.4003854534
1.2000000000000002        -1.3                     1165349.4206909959
1.3000000000000003        -1.3                     1244957.15823178
1.4000000000000001        -1.3                     1344901.5808724489
1.5                       -1.3                     1458497.9050404383
1.6                       -1.3                     1585876.6173563171
1.7000000000000002        -1.3                     1732410.110975701
1.8000000000000003        -1.3                     1960245.4002033402
1.9000000000000001        -1.3                     2259075.7825695686
2                         -1.3                     2698433.3128379565
0                         -1.2                     458930.57246916223
0.1                       -1.2                     465431.6019160072
0.2                       -1.2                     484387.06034651084
0.30000000000000004       -1.2                     514699.88039288577
0.4                       -1.2                     554384.1586855218
0.5                       -1.2                     601542.5598926343
0.6000000000000001        -1.2                     655796.8294938854
0.7000000000000001        -1.2                     714651.2988237285
0.8                       -1.2                     776753.7154404611
0.9000000000000001        -1.2                     843728.0107369146
1                         -1.2                     913754.9379853872
1.1                       -1.2                     982975.9255865259
1.2000000000000002        -1.2                     1059150.7460409831
1.3000000000000003        -1.2                     1129188.501470691
1.4000000000000001        -1.2                     1218579.5979297145
1.5                       -1.2                     1299620.991665143
1.6                       -1.2                     1385015.5337275069
1.7000000000000002        -1.2                     1515149.6971224227
1.8000000000000003        -1.2                     1664055.6918871196
1.9000000000000001        -1.2                     1870962.1401094396
2                         -1.2                     2174788.647552061
0                         -1.0999999999999999      304270.78264309326
0.1                       -1.0999999999999999      313799.83808383776
0.2                       -1.0999999999999999      341068.3549624083
0.30000000000000004       -1.0999999999999999      382054.7565183783
0.4                       -1.0999999999999999      433244.7315607934
0.5                       -1.0999999999999999      491783.71116908465
0.6000000000000001        -1.0999999999999999      554434.5501049971
0.7000000000000001        -1.0999999999999999      620833.029694077
0.8                       -1.0999999999999999      690284.4914945036
0.9000000000000001        -1.0999999999999999      759822.560156042
1                         -1.0999999999999999      830585.8839102181
1.1                       -1.0999999999999999      902124.341528724
1.2000000000000002        -1.0999999999999999      969963.1610571183
1.3000000000000003        -1.0999999999999999      1040328.4456150302
1.4000000000000001        -1.0999999999999999      1105574.8846481305
1.5                       -1.0999999999999999      1167916.6610038283
1.6                       -1.0999999999999999      1242307.3223694854
1.7000000000000002        -1.0999999999999999      1309549.843230646
1.8000000000000003        -1.0999999999999999      1394481.306674013
1.9000000000000001        -1.0999999999999999      1519965.430655218
2                         -1.0999999999999999      1714453.3524739486
0                         -1                       150067.08553386963
0.1                       -1                       168407.28962962521
0.2                       -1                       214554.63246254539
0.30000000000000004       -1                       274953.24861261575
0.4                       -1                       341993.2968272875
0.5                       -1                       412547.8326484931
0.6000000000000001        -1                       485077.1084037445
0.7000000000000001        -1                       558452.3550560694
0.8                       -1                       632431.9475124925
0.9000000000000001        -1                       705243.2910775018
1                         -1                       776728.0817252473
1.1                       -1                       847956.466665737
1.2000000000000002        -1                       912068.7769765204
1.3000000000000003        -1                       977172.0205868626
1.4000000000000001        -1                       1022499.7634741497
1.5                       -1                       1071919.6449728447
1.6                       -1                       1107925.8713289169
1.7000000000000002        -1                       1136055.7443145013
1.8000000000000003        -1                       1168183.7356901362
1.9000000000000001        -1                       1213054.9117577344
2                         -1                       1305594.2977086615
0                         -0.9                     3806.5415366939847
0.1                       -0.9                     76824.56535032424
0.2                       -0.9                     153514.24974989766
0.30000000000000004       -0.9                     230260.77554232694
0.4                       -0.9                     307018.95406104036
0.5                       -0.9                     383638.46014956717
0.6000000000000001        -0.9                     460209.71404263715
0.7000000000000001        -0.9                     536157.1501113987
0.8                       -0.9                     611066.8849539888
0.9000000000000001        -0.9                     684479.8177519242
1                         -0.9                     756548.5307152651
1.1                       -0.9                     821596.5864654382
1.2000000000000002        -0.9                     882858.7668390746
1.3000000000000003        -0.9                     936607.6124696914
1.4000000000000001        -0.9                     977090.4216612148
1.5                       -0.9                     1004971.6933467261
1.6                       -0.9                     1015286.8869043707
1.7000000000000002        -0.9                     983479.8658909542
1.8000000000000003        -0.9                     974690.9149017736
1.9000000000000001        -0.9                     941550.7019351895
2                         -0.9                     948344.0366135996
0                         -0.7999999999999998      156701.68203317534
0.1                       -0.7999999999999998      174658.0718001597
0.2                       -0.7999999999999998      219483.01079925735
0.30000000000000004       -0.7999999999999998      278513.2081275657
0.4                       -0.7999999999999998      344565.3464936697
0.5                       -0.7999999999999998      414304.60023698595
0.6000000000000001        -0.7999999999999998      485245.59031854576
0.7000000000000001        -0.7999999999999998      556906.919840824
0.8                       -0.7999999999999998      629285.1684727112
0.9000000000000001        -0.7999999999999998      698109.1874889655
1                         -0.7999999999999998      764494.7138100775
1.1                       -0.7999999999999998      829732.9878670836
1.2000000000000002        -0.7999999999999998      883460.5921795934
1.3000000000000003        -0.7999999999999998      929749.2601148803
1.4000000000000001        -0.7999999999999998      958990.0215045328
1.5                       -0.7999999999999998      970582.0268591729
1.6                       -0.7999999999999998      964097.4515016566
1.7000000000000002        -0.7999999999999998      909355.819409026
1.8000000000000003        -0.7999999999999998      827970.2533123632
1.9000000000000001        -0.7999999999999998      705984.4168099752
2                         -0.7999999999999998      621632.7649860723
0                         -0.6999999999999997      309139.2674858367
0.1                       -0.6999999999999997      318634.38601787196
0.2                       -0.6999999999999997      345117.2478518996
0.30000000000000004       -0.6999999999999997      385369.87089695013
0.4                       -0.6999999999999997      435376.88251113374
0.5                       -0.6999999999999997      491882.8889629868
0.6000000000000001        -0.6999999999999997      552975.2959202263
0.7000000000000001        -0.6999999999999997      616342.548837035
0.8                       -0.6999999999999997      680508.5692485503
0.9000000000000001        -0.6999999999999997      744171.2000377745
1                         -0.6999999999999997      806690.7202038108
1.1                       -0.6999999999999997      861962.6181069163
1.2000000000000002        -0.6999999999999997      910824.3628785483
1.3000000000000003        -0.6999999999999997      954015.9770148038
1.4000000000000001        -0.6999999999999997      968749.0907508595
1.5                       -0.6999999999999997      973666.3333277628
1.6                       -0.6999999999999997      940786.1325423957
1.7000000000000002        -0.6999999999999997      871042.2090389867
1.8000000000000003        -0.6999999999999997      749299.1567695581
1.9000000000000001        -0.6999999999999997      563008.1750113331
2                         -0.6999999999999997      333729.58964065555
0                         -0.5999999999999996      460573.50868456083
0.1                       -0.5999999999999996      467102.1625125837
0.2                       -0.5999999999999996      485623.38032746565
0.30000000000000004       -0.5999999999999996      514929.0045767692
0.4                       -0.5999999999999996      553277.8476212017
0.5                       -0.5999999999999996      598806.7587017857
0.6000000000000001        -0.5999999999999996      649382.6455747228
0.7000000000000001        -0.5999999999999996      703599.6994125341
0.8                       -0.5999999999999996      760630.9580935565
0.9000000000000001        -0.5999999999999996      816373.1887077462
1                         -0.5999999999999996      871069.6510119991
1.1                       -0.5999999999999996      924242.2591293912
1.2000000000000002        -0.5999999999999996      966399.1758901152
1.3000000000000003        -0.5999999999999996      1001023.7957082852
1.4000000000000001        -0.5999999999999996      1020798.9333255688
1.5                       -0.5999999999999996      1007397.3223542903
1.6                       -0.5999999999999996      971983.3944787259
1.7000000000000002        -0.5999999999999996      907299.1789298526
1.8000000000000003        -0.5999999999999996      763278.3668884585
1.9000000000000001        -0.5999999999999996      560833.0890220255
2                         -0.5999999999999996      295110.66602251277
0                         -0.5                     611520.4608390905
0.1                       -0.5                     616462.4027762079
0.2                       -0.5                     630564.0448742603
0.30000000000000004       -0.5                     653471.5471841494
0.4                       -0.5                     684168.2831648577
0.5                       -0.5                     721583.7550321147
0.6000000000000001        -0.5                     764045.0885190412
0.7000000000000001        -0.5                     810622.0202806515
0.8                       -0.5                     860353.0329068083
0.9000000000000001        -0.5                     910051.4944472951
1                         -0.5                     960328.3730172935
1.1                       -0.5                     1006529.0689612883
1.2000000000000002        -0.5                     1045542.5600526076
1.3000000000000003        -0.5                     1080673.253655051
1.4000000000000001        -0.5                     1095630.453512289
1.5                       -0.5                     1089156.0280701932
1.6                       -0.5                     1058008.814952374
1.7000000000000002        -0.5                     985956.6141812002
1.8000000000000003        -0.5                     881787.069880731
1.9000000000000001        -0.5                     721482.4186246658
2                         -0.5                     567073.5066810428
0                         -0.3999999999999999      761972.2912228738
0.1                       -0.3999999999999999      765520.1688780134
0.2                       -0.3999999999999999      777109.7826034117
0.30000000000000004       -0.3999999999999999      796021.4914056201
0.4                       -0.3999999999999999      821684.0093067576
0.5                       -0.3999999999999999      853220.3211088417
0.6000000000000001        -0.3999999999999999      890160.3796583358
0.7000000000000001        -0.3999999999999999      931077.7176373883
0.8                       -0.3999999999999999      975000.592299697
0.9000000000000001        -0.3999999999999999      1020311.0406051943
1                         -0.3999999999999999      1066802.9571552232
1.1                       -0.3999999999999999      1110470.8765013842
1.2000000000000002        -0.3999999999999999      1149295.5690492636
1.3000000000000003        -0.3999999999999999      1177097.8309092303
1.4000000000000001        -0.3999999999999999      1200458.6976997629
1.5                       -0.3999999999999999      1205601.959528142
1.6                       -0.3999999999999999      1188824.0388902707
1.7000000000000002        -0.3999999999999999      1148464.058896419
1.8000000000000003        -0.3999999999999999      1081552.4792809323
1.9000000000000001        -0.3999999999999999      994838.7230215109
2                         -0.3999999999999999      951153.302094816
0                         -0.2999999999999998      910538.7346287322
0.1                       -0.2999999999999998      914109.2156544409
0.2                       -0.2999999999999998      923927.5317993338
0.30000000000000004       -0.2999999999999998      940250.6326383529
0.4                       -0.2999999999999998      962697.4060778592
0.5                       -0.2999999999999998      990819.2727409041
0.6000000000000001        -0.2999999999999998      1023308.0197943663
0.7000000000000001        -0.2999999999999998      1060271.871282073
0.8                       -0.2999999999999998      1101636.3942190998
0.9000000000000001        -0.2999999999999998      1143637.868485521
1                         -0.2999999999999998      1187581.1689416745
1.1                       -0.2999999999999998      1232532.239048883
1.2000000000000002        -0.2999999999999998      1273518.6281622616
1.3000000000000003        -0.2999999999999998      1312277.025718353
1.4000000000000001        -0.2999999999999998      1337981.2768518876
1.5                       -0.2999999999999998      1374363.5486283419
1.6                       -0.2999999999999998      1371491.8135892923
1.7000000000000002        -0.2999999999999998      1362916.5216890704
1.8000000000000003        -0.2999999999999998      1369140.3423138526
1.9000000000000001        -0.2999999999999998      1359734.372106835
2                         -0.2999999999999998      1395418.28515394
0                         -0.19999999999999973     1057910.5854609287
0.1                       -0.19999999999999973     1061368.8239942945
0.2                       -0.19999999999999973     1070313.5658101814
0.30000000000000004       -0.19999999999999973     1085012.718728253
0.4                       -0.19999999999999973     1105379.0765015436
0.5                       -0.19999999999999973     1130643.0786608923
0.6000000000000001        -0.19999999999999973     1161499.2704924406
0.7000000000000001        -0.19999999999999973     1196392.3907746768
0.8                       -0.19999999999999973     1234505.789191416
0.9000000000000001        -0.19999999999999973     1277115.3355704623
1                         -0.19999999999999973     1323893.6484535695
1.1                       -0.19999999999999973     1367775.820923163
1.2000000000000002        -0.19999999999999973     1414651.7724108445
1.3000000000000003        -0.19999999999999973     1463421.837307417
1.4000000000000001        -0.19999999999999973     1509084.2932322707
1.5                       -0.19999999999999973     1549449.7122275243
1.6                       -0.19999999999999973     1608227.9612600598
1.7000000000000002        -0.19999999999999973     1648958.4907400287
1.8000000000000003        -0.19999999999999973     1724259.0146642858
1.9000000000000001        -0.19999999999999973     1798031.3496619964
2                         -0.19999999999999973     1968577.9884050186
0                         -0.09999999999999966     1204099.1879370136
0.1                       -0.09999999999999966     1207296.3405671674
0.2                       -0.09999999999999966     1215305.4265604715
0.30000000000000004       -0.09999999999999966     1229078.8057637576
0.4                       -0.09999999999999966     1248373.3250708685
0.5                       -0.09999999999999966     1272558.447507824
0.6000000000000001        -0.09999999999999966     1301644.2309807593
0.7000000000000001        -0.09999999999999966     1335637.2373643962
0.8                       -0.09999999999999966     1374872.5305838506
0.9000000000000001        -0.09999999999999966     1416937.0327321
1                         -0.09999999999999966     1462516.4981594444
1.1                       -0.09999999999999966     1517057.557255523
1.2000000000000002        -0.09999999999999966     1573995.468011459
1.3000000000000003        -0.09999999999999966     1626894.6288553763
1.4000000000000001        -0.09999999999999966     1694253.2872155092
1.5                       -0.09999999999999966     1766986.9159272478
1.6                       -0.09999999999999966     1867641.3866821162
1.7000000000000002        -0.09999999999999966     1977121.1171719125
1.8000000000000003        -0.09999999999999966     2140198.5996843977
1.9000000000000001        -0.09999999999999966     2395371.1507300595
2                         -0.09999999999999966     2771098.163651453
0                         0                        1349276.5577439433
0.1                       0                        1350474.6764962457
0.2                       0                        1358500.6868145012
0.30000000000000004       0                        1371615.5978429061
0.4                       0                        1390291.1996871217
0.5                       0                        1413592.4937699793
0.6000000000000001        0                        1443001.5900938064
0.7000000000000001        0                        1476918.107116301
0.8                       0                        1515322.9518900034
0.9000000000000001        0                        1561641.5754296014
1                         0                        1611203.5836482234
1.1                       0                        1666715.322028859
1.2000000000000002        0                        1736528.7971641961
1.3000000000000003        0                        1805036.9488980817
1.4000000000000001        0                        1894868.1222007566
1.5                       0                        2000057.8009632782
1.6                       0                        2135568.6809213404
1.7000000000000002        0                        2321656.0019431114
1.8000000000000003        0                        2598553.033918865
1.9000000000000001        0                        3036519.3185161855
2                         0                        5.9604644775390625E-8
0                         0.10000000000000009      1487837.067535668
0.1                       0.10000000000000009      1491123.807531654
0.2                       0.10000000000000009      1498395.5639668948
0.30000000000000004       0.10000000000000009      1511499.8641942632
0.4                       0.10000000000000009      1530146.1781401972
0.5                       0.10000000000000009      1553125.9437352298
0.6000000000000001        0.10000000000000009      1582558.0016557276
0.7000000000000001        0.10000000000000009      1617549.7537602277
0.8                       0.10000000000000009      1659623.0039897535
0.9000000000000001        0.10000000000000009      1705039.886583445
1                         0.10000000000000009      1759565.763655671
1.1                       0.10000000000000009      1829296.948394312
1.2000000000000002        0.10000000000000009      1894083.8795040161
1.3000000000000003        0.10000000000000009      1990097.6119469923
1.4000000000000001        0.10000000000000009      2090849.0388016007
1.5                       0.10000000000000009      2227773.4029679233
1.6                       0.10000000000000009      2422537.5690723322
1.7000000000000002        0.10000000000000009      2657488.0669181426
1.8000000000000003        0.10000000000000009      3035869.886219283
1.9000000000000001        0.10000000000000009      3653811.460382127
2                         0.10000000000000009      4690666.031001086
0                         0.20000000000000018      1623297.2976238641
0.1                       0.20000000000000018      1627150.6403077138
0.2                       0.20000000000000018      1635014.822896301
0.30000000000000004       0.20000000000000018      1647697.3917369319
0.4                       0.20000000000000018      1666322.6596058104
0.5                       0.20000000000000018      1689669.4282331972
0.6000000000000001        0.20000000000000018      1719612.9859890474
0.7000000000000001        0.20000000000000018      1754959.9335550424
0.8                       0.20000000000000018      1796261.2925407435
0.9000000000000001        0.20000000000000018      1848212.68480481
1                         0.20000000000000018      1903536.0815505995
1.1                       0.20000000000000018      1972887.3721973738
1.2000000000000002        0.20000000000000018      2063797.3112088838
1.3000000000000003        0.20000000000000018      2155626.9447823972
1.4000000000000001        0.20000000000000018      2280917.40580687
1.5                       0.20000000000000018      2445578.7443017545
1.6                       0.20000000000000018      2668224.9291835334
1.7000000000000002        0.20000000000000018      2944745.544792465
1.8000000000000003        0.20000000000000018      3363984.6932658935
1.9000000000000001        0.20000000000000018      4023046.858585995
2                         0.20000000000000018      5157624.35151154
0                         0.3000000000000003       1755751.6367238832
0.1                       0.3000000000000003       1759274.8418460907
0.2                       0.3000000000000003       1766229.4593039292
0.30000000000000004       0.3000000000000003       1779331.4377005363
0.4                       0.3000000000000003       1798166.293050909
0.5                       0.3000000000000003       1820972.1209082615
0.6000000000000001        0.3000000000000003       1851735.1279548618
0.7000000000000001        0.3000000000000003       1888521.9643881514
0.8                       0.3000000000000003       1934865.1353998606
0.9000000000000001        0.3000000000000003       1983335.982728248
1                         0.3000000000000003       2045993.7676588527
1.1                       0.3000000000000003       2124731.913150687
1.2000000000000002        0.3000000000000003       2207918.2347476375
1.3000000000000003        0.3000000000000003       2322645.8191429153
1.4000000000000001        0.3000000000000003       2454646.69274714
1.5                       0.3000000000000003       2639318.826215629
1.6                       0.3000000000000003       2851756.377826529
1.7000000000000002        0.3000000000000003       3158531.245734352
1.8000000000000003        0.3000000000000003       3578657.9829370603
1.9000000000000001        0.3000000000000003       4216352.893663086
2                         0.3000000000000003       5150753.320870739
0                         0.40000000000000036      1885022.6615558818
0.1                       0.40000000000000036      1884898.1493305203
0.2                       0.40000000000000036      1892749.9787457897
0.30000000000000004       0.40000000000000036      1905229.5677528768
0.4                       0.40000000000000036      1924026.2237414534
0.5                       0.40000000000000036      1947588.2479503902
0.6000000000000001        0.40000000000000036      1977850.2746288858
0.7000000000000001        0.40000000000000036      2014472.6693099104
0.8                       0.40000000000000036      2057542.151308768
0.9000000000000001        0.40000000000000036      2112125.820346278
1                         0.40000000000000036      2172996.873552705
1.1                       0.40000000000000036      2249262.691742174
1.2000000000000002        0.40000000000000036      2348328.688289754
1.3000000000000003        0.40000000000000036      2453736.4986647093
1.4000000000000001        0.40000000000000036      2585548.3699253635
1.5                       0.40000000000000036      2771638.4615039816
1.6                       0.40000000000000036      2998886.9390176125
1.7000000000000002        0.40000000000000036      3307163.7591400733
1.8000000000000003        0.40000000000000036      3717603.518829064
1.9000000000000001        0.40000000000000036      4227362.429170385
2                         0.40000000000000036      4902493.589001134
0                         0.5                      2001761.2539502198
0.1                       0.5                      2005433.7201330827
0.2                       0.5                      2012087.7182160527
0.30000000000000004       0.5                      2025030.5796786265
0.4                       0.5                      2043710.8601482948
0.5                       0.5                      2066064.0417563901
0.6000000000000001        0.5                      2096972.2106620437
0.7000000000000001        0.5                      2133763.253770838
0.8                       0.5                      2179716.2693086024
0.9000000000000001        0.5                      2229927.2484522914
1                         0.5                      2293186.6281008236
1.1                       0.5                      2372200.172722526
1.2000000000000002        0.5                      2462235.3453829335
1.3000000000000003        0.5                      2577435.8439476807
1.4000000000000001        0.5                      2707056.846591835
1.5                       0.5                      2874374.0559210624
1.6                       0.5                      3100402.8844330856
1.7000000000000002        0.5                      3349925.346703703
1.8000000000000003        0.5                      3694312.606963868
1.9000000000000001        0.5                      4135779.698438374
2                         0.5                      4635536.053020766
0                         0.6000000000000001       2113773.106029774
0.1                       0.6000000000000001       2118105.9431368615
0.2                       0.6000000000000001       2125717.995738677
0.30000000000000004       0.6000000000000001       2137669.227235695
0.4                       0.6000000000000001       2155910.9453284987
0.5                       0.6000000000000001       2178667.075422564
0.6000000000000001        0.6000000000000001       2207715.287047094
0.7000000000000001        0.6000000000000001       2243307.4393962994
0.8                       0.6000000000000001       2285050.5839438066
0.9000000000000001        0.6000000000000001       2336331.5842592814
1                         0.6000000000000001       2397313.4429198983
1.1                       0.6000000000000001       2468439.3873707163
1.2000000000000002        0.6000000000000001       2556359.96835457
1.3000000000000003        0.6000000000000001       2657119.282494963
1.4000000000000001        0.6000000000000001       2786436.250447589
1.5                       0.6000000000000001       2941544.1838310105
1.6                       0.6000000000000001       3134118.551374299
1.7000000000000002        0.6000000000000001       3363818.562319062
1.8000000000000003        0.6000000000000001       3658862.4435114823
1.9000000000000001        0.6000000000000001       3989716.5848281546
2                         0.6000000000000001       4369799.635195097
0                         0.7000000000000002       2221392.502959843
0.1                       0.7000000000000002       2225005.173782346
0.2                       0.7000000000000002       2231170.5086330962
0.30000000000000004       0.7000000000000002       2243395.531322416
0.4                       0.7000000000000002       2260999.2535141404
0.5                       0.7000000000000002       2281846.535850774
0.6000000000000001        0.7000000000000002       2310744.7855199124
0.7000000000000001        0.7000000000000002       2344708.0455223224
0.8                       0.7000000000000002       2387971.9060917064
0.9000000000000001        0.7000000000000002       2432614.5191997746
1                         0.7000000000000002       2488401.891528984
1.1                       0.7000000000000002       2557721.8617578936
1.2000000000000002        0.7000000000000002       2639757.5514968755
1.3000000000000003        0.7000000000000002       2730293.874792834
1.4000000000000001        0.7000000000000002       2842723.5411082194
1.5                       0.7000000000000002       2975599.4345046817
1.6                       0.7000000000000002       3130982.72243198
1.7000000000000002        0.7000000000000002       3332706.972368248
1.8000000000000003        0.7000000000000002       3576512.2144274297
1.9000000000000001        0.7000000000000002       3834777.245283063
2                         0.7000000000000002       4108309.7155288476
0                         0.8000000000000003       2319316.599619428
0.1                       0.8000000000000003       2323492.2785545024
0.2                       0.8000000000000003       2330524.9109319244
0.30000000000000004       0.8000000000000003       2341470.3479081136
0.4                       0.8000000000000003       2358172.32580139
0.5                       0.8000000000000003       2378814.390701732
0.6000000000000001        0.8000000000000003       2404913.530093357
0.7000000000000001        0.8000000000000003       2436442.9209351935
0.8                       0.8000000000000003       2472947.783373936
0.9000000000000001        0.8000000000000003       2516569.795258553
1                         0.8000000000000003       2567240.768796974
1.1                       0.8000000000000003       2624985.337072671
1.2000000000000002        0.8000000000000003       2690202.1088459315
1.3000000000000003        0.8000000000000003       2773027.6853296575
1.4000000000000001        0.8000000000000003       2865252.0964649315
1.5                       0.8000000000000003       2977868.2515574675
1.6                       0.8000000000000003       3114776.296766998
1.7000000000000002        0.8000000000000003       3266665.532845157
1.8000000000000003        0.8000000000000003       3456081.031350407
1.9000000000000001        0.8000000000000003       3676710.399244191
2                         0.8000000000000003       3910133.1256912947
0                         0.9000000000000004       2412745.538909835
0.1                       0.9000000000000004       2416106.451021732
0.2                       0.9000000000000004       2421602.009077237
0.30000000000000004       0.9000000000000004       2432606.165802785
0.4                       0.9000000000000004       2448316.9111871896
0.5                       0.9000000000000004       2466688.306801205
0.6000000000000001        0.9000000000000004       2491766.3166330266
0.7000000000000001        0.9000000000000004       2520681.188882675
0.8                       0.9000000000000004       2557107.1476555304
0.9000000000000001        0.9000000000000004       2592302.3453934197
1                         0.9000000000000004       2635862.6213959595
1.1                       0.9000000000000004       2686888.253079089
1.2000000000000002        0.9000000000000004       2739636.898749548
1.3000000000000003        0.9000000000000004       2803295.0395179186
1.4000000000000001        0.9000000000000004       2872888.99191851
1.5                       0.9000000000000004       2950486.332396055
1.6                       0.9000000000000004       3052726.431299268
1.7000000000000002        0.9000000000000004       3182449.430756277
1.8000000000000003        0.9000000000000004       3326049.9652616424
1.9000000000000001        0.9000000000000004       3509552.7355341734
2                         0.9000000000000004       3725145.8381284256
0                         1                        2496655.7275047754
0.1                       1                        2500494.637135256
0.2                       1                        2506751.6506996774
0.30000000000000004       1                        2516439.0123690413
0.4                       1                        2531042.4076178046
0.5                       1                        2548832.663080717
0.6000000000000001        1                        2571047.352091251
0.7000000000000001        1                        2596850.657039439
0.8                       1                        2626045.1164427646
0.9000000000000001        1                        2659715.6221939214
1                         1                        2694388.5939043183
1.1                       1                        2734699.564915495
1.2000000000000002        1                        2777778.571619716
1.3000000000000003        1                        2812726.885664795
1.4000000000000001        1                        2867248.023911006
1.5                       1                        2924741.2586684637
1.6                       1                        2966188.6970600677
1.7000000000000002        1                        3051046.4573251945
1.8000000000000003        1                        3166890.7055325103
1.9000000000000001        1                        3324832.5969074816
2                         1                        3557097.9451108505
0                         1.1000000000000005       2576259.175935493
0.1                       1.1000000000000005       2579308.916676024
0.2                       1.1000000000000005       2584130.14612095
0.30000000000000004       1.1000000000000005       2593830.0595367304
0.4                       1.1000000000000005       2607490.64241247
0.5                       1.1000000000000005       2623283.651751534
0.6000000000000001        1.1000000000000005       2644169.693793784
0.7000000000000001        1.1000000000000005       2667545.3438342256
0.8                       1.1000000000000005       2694766.7565483893
0.9000000000000001        1.1000000000000005       2721163.1650966266
1                         1.1000000000000005       2751091.0689809173
1.1                       1.1000000000000005       2781724.9248659904
1.2000000000000002        1.1000000000000005       2805461.3935785936
1.3000000000000003        1.1000000000000005       2836776.935765749
1.4000000000000001        1.1000000000000005       2856682.9199213875
1.5                       1.1000000000000005       2862950.054658581
1.6                       1.1000000000000005       2883480.096290786
1.7000000000000002        1.1000000000000005       2897483.2723654197
1.8000000000000003        1.1000000000000005       2935353.1993689016
1.9000000000000001        1.1000000000000005       3076155.51991199
2                         1.1000000000000005       3353409.791685537
0                         1.2000000000000002       2646876.7775015556
0.1                       1.2000000000000002       2650406.187824829
0.2                       1.2000000000000002       2655992.1100394498
0.30000000000000004       1.2000000000000002       2664620.031532251
0.4                       1.2000000000000002       2677416.3436926384
0.5                       1.2000000000000002       2692710.945207423
0.6000000000000001        1.2000000000000002       2711618.718263819
0.7000000000000001        1.2000000000000002       2732587.9994455306
0.8                       1.2000000000000002       2755460.7375997775
0.9000000000000001        1.2000000000000002       2779892.59774253
1                         1.2000000000000002       2801576.4237710647
1.1                       1.2000000000000002       2824545.1762082265
1.2000000000000002        1.2000000000000002       2845346.6069719996
1.3000000000000003        1.2000000000000002       2852264.6738493503
1.4000000000000001        1.2000000000000002       2844987.319114106
1.5                       1.2000000000000002       2822802.1337152286
1.6                       1.2000000000000002       2792676.3296035016
1.7000000000000002        1.2000000000000002       2735718.2626221976
1.8000000000000003        1.2000000000000002       2670886.897704407
1.9000000000000001        1.2000000000000002       2702767.332582281
2                         1.2000000000000002       3015206.9663879354
0                         1.3                      2713411.4250188693
0.1                       1.3                      2716264.668895157
0.2                       1.3                      2720642.5643430706
0.30000000000000004       1.3                      2729500.9153171727
0.4                       1.3                      2741822.247996959
0.5                       1.3                      2756015.872401071
0.6000000000000001        1.3                      2774159.06078491
0.7000000000000001        1.3                      2793851.6826698147
0.8                       1.3                      2815058.0208864687
0.9000000000000001        1.3                      2836155.464894935
1                         1.3                      2856831.55664238
1.1                       1.3                      2873925.037599266
1.2000000000000002        1.3                      2880913.100555374
1.3000000000000003        1.3                      2880014.5093637896
1.4000000000000001        1.3                      2857915.446899763
1.5                       1.3                      2819260.4016755945
1.6                       1.3                      2730230.6555574057
1.7000000000000002        1.3                      2586371.5731689096
1.8000000000000003        1.3                      2355224.998900891
1.9000000000000001        1.3                      2150845.2057570554
2                         1.3                      2252029.8106143484
0                         1.4000000000000004       2771255.369966766
0.1                       1.4000000000000004       2774700.923458587
0.2                       1.4000000000000004       2780013.7426559385
0.30000000000000004       1.4000000000000004       2788214.707207215
0.4                       1.4000000000000004       2800305.575398767
0.5                       1.4000000000000004       2814564.490739373
0.6000000000000001        1.4000000000000004       2832215.7536633685
0.7000000000000001        1.4000000000000004       2851547.9832943417
0.8                       1.4000000000000004       2871837.0697847195
0.9000000000000001        1.4000000000000004       2892452.419007926
1                         1.4000000000000004       2910750.565931057
1.1                       1.4000000000000004       2925289.6632787487
1.2000000000000002        1.4000000000000004       2935589.9500564346
1.3000000000000003        1.4000000000000004       2930162.746232946
1.4000000000000001        1.4000000000000004       2905395.4199121688
1.5                       1.4000000000000004       2849246.5147780497
1.6                       1.4000000000000004       2734843.1870506215
1.7000000000000002        1.4000000000000004       2550420.283652689
1.8000000000000003        1.4000000000000004       2190739.717137321
1.9000000000000001        1.4000000000000004       1583948.6861041763
2                         1.4000000000000004       807306.3265675458
0                         1.5                      2825025.380231288
0.1                       1.5                      2827918.712432335
0.2                       1.5                      2832239.398084839
0.30000000000000004       1.5                      2841097.830213679
0.4                       1.5                      2853410.8548716884
0.5                       1.5                      2867594.984676864
0.6000000000000001        1.5                      2885808.3923411067
0.7000000000000001        1.5                      2905489.710589908
0.8                       1.5                      2926899.036020358
0.9000000000000001        1.5                      2949002.2500116564
1                         1.5                      2969462.791241184
1.1                       1.5                      2987562.7923975554
1.2000000000000002        1.5                      2996372.4370398195
1.3000000000000003        1.5                      2998135.1099656937
1.4000000000000001        1.5                      2982276.5917707724
1.5                       1.5                      2928854.9922059355
1.6                       1.5                      2829915.1827241434
1.7000000000000002        1.5                      2665288.3278690274
1.8000000000000003        1.5                      2361400.5606437773
1.9000000000000001        1.5                      1822487.74311378
2                         1.5                      2.9802322387695312E-8
0                         1.6000000000000005       2869736.966380852
0.1                       1.6000000000000005       2873407.112380346
0.2                       1.6000000000000005       2878965.3024256025
0.30000000000000004       1.6000000000000005       2887540.4530633762
0.4                       1.6000000000000005       2900325.3051423784
0.5                       1.6000000000000005       2915480.4429567056
0.6000000000000001        1.6000000000000005       2934575.3221957926
0.7000000000000001        1.6000000000000005       2955927.433576833
0.8                       1.6000000000000005       2979006.25829593
0.9000000000000001        1.6000000000000005       3003903.5422646822
1                         1.6000000000000005       3029574.2025164845
1.1                       1.6000000000000005       3051897.996757693
1.2000000000000002        1.6000000000000005       3072748.4642170067
1.3000000000000003        1.6000000000000005       3084271.998884238
1.4000000000000001        1.6000000000000005       3090439.1342347115
1.5                       1.6000000000000005       3063922.9492150415
1.6                       1.6000000000000005       3032463.570948877
1.7000000000000002        1.6000000000000005       2961364.8478108817
1.8000000000000003        1.6000000000000005       2860631.155590646
1.9000000000000001        1.6000000000000005       2844857.5625294233
2                         1.6000000000000005       3352070.9747865777
0                         1.7000000000000002       2910055.7452256265
0.1                       1.7000000000000002       2913226.35552756
0.2                       1.7000000000000002       2917863.900082198
0.30000000000000004       1.7000000000000002       2927548.101229505
0.4                       1.7000000000000002       2941175.263103743
0.5                       1.7000000000000002       2956792.2136203516
0.6000000000000001        1.7000000000000002       2977918.0666687824
0.7000000000000001        1.7000000000000002       3001331.330240008
0.8                       1.7000000000000002       3027279.0454074154
0.9000000000000001        1.7000000000000002       3056789.43174475
1                         1.7000000000000002       3087377.4681436545
1.1                       1.7000000000000002       3122238.496228054
1.2000000000000002        1.7000000000000002       3151917.868328209
1.3000000000000003        1.7000000000000002       3185200.877377806
1.4000000000000001        1.7000000000000002       3220062.319849431
1.5                       1.7000000000000002       3240579.178221677
1.6                       1.7000000000000002       3286585.8262515445
1.7000000000000002        1.7000000000000002       3321096.8921596305
1.8000000000000003        1.7000000000000002       3432562.139356354
1.9000000000000001        1.7000000000000002       3777139.894431002
2                         1.7000000000000002       4656232.159884511
0                         1.8000000000000007       2940259.754262866
0.1                       1.8000000000000007       2944381.021535484
0.2                       1.8000000000000007       2950570.4943858343
0.30000000000000004       1.8000000000000007       2960108.0104419542
0.4                       1.8000000000000007       2974622.124451828
0.5                       1.8000000000000007       2992118.1846316494
0.6000000000000001        1.8000000000000007       3014607.9799236814
0.7000000000000001        1.8000000000000007       3040610.9711957425
0.8                       1.8000000000000007       3070334.6486738534
0.9000000000000001        1.8000000000000007       3105288.1401881007
1                         1.8000000000000007       3140280.5248995693
1.1                       1.8000000000000007       3185512.0227235737
1.2000000000000002        1.8000000000000007       3236545.384032144
1.3000000000000003        1.8000000000000007       3286574.6856515952
1.4000000000000001        1.8000000000000007       3342866.749565836
1.5                       1.8000000000000007       3430338.057337366
1.6                       1.8000000000000007       3509591.926045313
1.7000000000000002        1.8000000000000007       3654254.6294724713
1.8000000000000003        1.8000000000000007       3909196.8065045606
1.9000000000000001        1.8000000000000007       4366359.983876737
2                         1.8000000000000007       5241487.917680604
0                         1.9000000000000004       2965507.632592132
0.1                       1.9000000000000004       2969067.7742832615
0.2                       1.9000000000000004       2974212.688767499
0.30000000000000004       1.9000000000000004       2985132.057921084
0.4                       1.9000000000000004       3000711.9043993712
0.5                       1.9000000000000004       3018496.802353548
0.6000000000000001        1.9000000000000004       3043870.901165775
0.7000000000000001        1.9000000000000004       3072792.755967651
0.8                       1.9000000000000004       3105178.6049977085
0.9000000000000001        1.9000000000000004       3146050.0859087682
1                         1.9000000000000004       3191425.962283859
1.1                       1.9000000000000004       3244180.6148638492
1.2000000000000002        1.9000000000000004       3303441.561172343
1.3000000000000003        1.9000000000000004       3377778.9985648817
1.4000000000000001        1.9000000000000004       3468790.1175029064
1.5                       1.9000000000000004       3573346.008761115
1.6                       1.9000000000000004       3716571.1765538035
1.7000000000000002        1.9000000000000004       3919298.5262658163
1.8000000000000003        1.9000000000000004       4224074.059344156
1.9000000000000001        1.9000000000000004       4674102.286300236
2                         1.9000000000000004       5367058.562415204
0                         2                        2979287.716012032
0.1                       2                        2983880.9140734132
0.2                       2                        2990764.8799667642
0.30000000000000004       2                        3001364.268936304
0.4                       2                        3017780.416607691
0.5                       2                        3037846.753422689
0.6000000000000001        2                        3063970.309647359
0.7000000000000001        2                        3095008.1495664287
0.8                       2                        3131828.1222830475
0.9000000000000001        2                        3177020.036870362
1                         2                        3226683.178709998
1.1                       2                        3290239.515765708
1.2000000000000002        2                        3364675.306446555
1.3000000000000003        2                        3446085.87561639
1.4000000000000001        2                        3561361.552592374
1.5                       2                        3698981.3953360054
1.6                       2                        3891755.957062253
1.7000000000000002        2                        4121612.527315136
1.8000000000000003        2                        4416835.277322847
1.9000000000000001        2                        4810012.535786479
2                         2                        5329424.13036796
0                         2.1000000000000005       2987545.5954113435
0.1                       2.1000000000000005       2991421.0185359456
0.2                       2.1000000000000005       2996998.6947990316
0.30000000000000004       2.1000000000000005       3008943.4929877524
0.4                       2.1000000000000005       3026138.1787468353
0.5                       2.1000000000000005       3045773.895081624
0.6000000000000001        2.1000000000000005       3074617.552528739
0.7000000000000001        2.1000000000000005       3108005.757141796
0.8                       2.1000000000000005       3145487.9189448915
0.9000000000000001        2.1000000000000005       3195711.9844827084
1                         2.1000000000000005       3252292.4894058495
1.1                       2.1000000000000005       3317912.0799508505
1.2000000000000002        2.1000000000000005       3403614.4801626084
1.3000000000000003        2.1000000000000005       3502499.2293523396
1.4000000000000001        2.1000000000000005       3619798.331506092
1.5                       2.1000000000000005       3780903.7795546954
1.6                       2.1000000000000005       3970176.735039193
1.7000000000000002        2.1000000000000005       4217066.442513652
1.8000000000000003        2.1000000000000005       4523875.20430834
1.9000000000000001        2.1000000000000005       4875728.278306658
2                         2.1000000000000005       5264172.388887496
0                         2.2                      2983294.1228233567
0.1                       2.2                      2988151.2284888886
0.2                       2.2                      2995445.4468261413
0.30000000000000004       2.2                      3006673.575205854
0.4                       2.2                      3024216.562112894
0.5                       2.2                      3045793.729198309
0.6000000000000001        2.2                      3074038.81348478
0.7000000000000001        2.2                      3108167.359894716
0.8                       2.2                      3148991.3128986317
0.9000000000000001        2.2                      3199978.56314109
1                         2.2                      3257975.8126731925
1.1                       2.2                      3331552.4155865675
1.2000000000000002        2.2                      3419321.1034828005
1.3000000000000003        2.2                      3533600.8322119443
1.4000000000000001        2.2                      3659348.473306518
1.5                       2.2                      3821226.2452281113
1.6                       2.2                      4013659.1026383294
1.7000000000000002        2.2                      4265473.21429218
1.8000000000000003        2.2                      4565607.042157886
1.9000000000000001        2.2                      4903466.069705172
2                         2.2                      5251161.992527774
0                         2.3000000000000007       2973213.8910215097
0.1                       2.3000000000000007       2977173.9880764233
0.2                       2.3000000000000007       2982900.7670327434
0.30000000000000004       2.3000000000000007       2995145.867257816
0.4                       2.3000000000000007       3012830.660391527
0.5                       2.3000000000000007       3033104.1955547123
0.6000000000000001        2.3000000000000007       3062945.1460972275
0.7000000000000001        2.3000000000000007       3097715.151684809
0.8                       2.3000000000000007       3136730.866182332
0.9000000000000001        2.3000000000000007       3189776.139735566
1                         2.3000000000000007       3249977.9644628908
1.1                       2.3000000000000007       3330263.2331711156
1.2000000000000002        2.3000000000000007       3412917.9334072447
1.3000000000000003        2.3000000000000007       3521452.5158872204
1.4000000000000001        2.3000000000000007       3654428.2353636045
1.5                       2.3000000000000007       3821105.2941672606
1.6                       2.3000000000000007       4026115.504035276
1.7000000000000002        2.3000000000000007       4286941.706041292
1.8000000000000003        2.3000000000000007       4573883.141630701
1.9000000000000001        2.3000000000000007       4912160.846198801
2                         2.3000000000000007       5266059.340262478
0                         2.4000000000000004       2950404.954154978
0.1                       2.4000000000000004       2955179.165263963
0.2                       2.4000000000000004       2962400.1278621475
0.30000000000000004       2.4000000000000004       2973514.508038808
0.4                       2.4000000000000004       2990873.766513323
0.5                       2.4000000000000004       3012212.3188500945
0.6000000000000001        2.4000000000000004       3040045.8014331153
0.7000000000000001        2.4000000000000004       3073738.304813133
0.8                       2.4000000000000004       3113778.3502064035
0.9000000000000001        2.4000000000000004       3164086.443566684
1                         2.4000000000000004       3220007.6315819365
1.1                       2.4000000000000004       3292746.0520976363
1.2000000000000002        2.4000000000000004       3380213.5267511066
1.3000000000000003        2.4000000000000004       3487596.0055080736
1.4000000000000001        2.4000000000000004       3611000.3771561347
1.5                       2.4000000000000004       3781719.055602037
1.6                       2.4000000000000004       3975880.2435201867
1.7000000000000002        2.4000000000000004       4226636.679727044
1.8000000000000003        2.4000000000000004       4533391.487375067
1.9000000000000001        2.4000000000000004       4913862.381457346
2                         2.4000000000000004       5311377.324185784
0                         2.5                      2921868.874003976
0.1                       2.5                      2925637.033486429
0.2                       2.5                      2931167.1396815064
0.30000000000000004       2.5                      2942828.130063206
0.4                       2.5                      2959652.263730853
0.5                       2.5                      2979062.4383799154
0.6000000000000001        2.5                      3006936.03859797
0.7000000000000001        2.5                      3039437.254024215
0.8                       2.5                      3075779.9492533486
0.9000000000000001        2.5                      3123943.7035607575
1                         2.5                      3178688.3598794714
1.1                       2.5                      3242865.7928139577
1.2000000000000002        2.5                      3322087.602311804
1.3000000000000003        2.5                      3417264.11433388
1.4000000000000001        2.5                      3536526.129782206
1.5                       2.5                      3682764.2991218977
1.6                       2.5                      3896168.341644635
1.7000000000000002        2.5                      4124699.773859149
1.8000000000000003        2.5                      4462054.61607781
1.9000000000000001        2.5                      4870590.548735894
2                         2.5                      5398336.070386966
0                         2.6000000000000005       2887129.475554767
0.1                       2.6000000000000005       2885732.594793738
0.2                       2.6000000000000005       2892433.7328802287
0.30000000000000004       2.6000000000000005       2902747.46544064
0.4                       2.6000000000000005       2918699.771571501
0.5                       2.6000000000000005       2938168.3053184827
0.6000000000000001        2.6000000000000005       2963264.7975602946
0.7000000000000001        2.6000000000000005       2993273.038771513
0.8                       2.6000000000000005       3028013.9498204803
0.9000000000000001        2.6000000000000005       3071171.0862275674
1                         2.6000000000000005       3117408.009057312
1.1                       2.6000000000000005       3176113.218577459
1.2000000000000002        2.6000000000000005       3247131.108389098
1.3000000000000003        2.6000000000000005       3330876.7335069734
1.4000000000000001        2.6000000000000005       3426623.630954962
1.5                       2.6000000000000005       3549027.9681537743
1.6                       2.6000000000000005       3723614.647683929
1.7000000000000002        2.6000000000000005       3930171.2995199626
1.8000000000000003        2.6000000000000005       4294957.9396279035
1.9000000000000001        2.6000000000000005       4759951.626903868
2                         2.6000000000000005       5465486.134452025
0                         2.7                      2835603.952428708
0.1                       2.7                      2838989.159474937
0.2                       2.7                      2844083.9143335535
0.30000000000000004       2.7                      2854564.846758916
0.4                       2.7                      2869598.9317346364
0.5                       2.7                      2887078.2583391163
0.6000000000000001        2.7                      2910948.752188662
0.7000000000000001        2.7                      2938536.753879677
0.8                       2.7                      2969121.4084729045
0.9000000000000001        2.7                      3007244.454628581
1                         2.7                      3048760.412467474
1.1                       2.7                      3096608.675522855
1.2000000000000002        2.7                      3146730.6430624495
1.3000000000000003        2.7                      3215207.7976661553
1.4000000000000001        2.7                      3302618.5470436485
1.5                       2.7                      3396006.4589262386
1.6                       2.7                      3536595.506858754
1.7000000000000002        2.7                      3712563.1512789913
1.8000000000000003        2.7                      3994073.433135369
1.9000000000000001        2.7                      4485975.546852034
2                         2.7                      5368101.136714698
0                         2.8000000000000007       2779313.250074681
0.1                       2.8000000000000007       2783146.526160866
0.2                       2.8000000000000007       2789141.52264962
0.30000000000000004       2.8000000000000007       2798372.007490038
0.4                       2.8000000000000007       2812384.8351686797
0.5                       2.8000000000000007       2829282.531082724
0.6000000000000001        2.8000000000000007       2850613.045706614
0.7000000000000001        2.8000000000000007       2875450.0512277447
0.8                       2.8000000000000007       2902874.45631606
0.9000000000000001        2.8000000000000007       2935356.006212879
1                         2.8000000000000007       2971138.1600796203
1.1                       2.8000000000000007       3007659.527820347
1.2000000000000002        2.8000000000000007       3045006.870950209
1.3000000000000003        2.8000000000000007       3091925.4113344154
1.4000000000000001        2.8000000000000007       3136306.798682355
1.5                       2.8000000000000007       3192421.244342115
1.6                       2.8000000000000007       3253530.9501597635
1.7000000000000002        2.8000000000000007       3361287.515033423
1.8000000000000003        2.8000000000000007       3542337.5651582014
1.9000000000000001        2.8000000000000007       3943935.5555364247
2                         2.8000000000000007       4890836.999815224
0                         2.9000000000000004       2718446.730485047
0.1                       2.9000000000000004       2721433.497622771
0.2                       2.9000000000000004       2726085.9732521297
0.30000000000000004       2.9000000000000004       2735383.5600297386
0.4                       2.9000000000000004       2748579.678008496
0.5                       2.9000000000000004       2764002.079630253
0.6000000000000001        2.9000000000000004       2783822.948760944
0.7000000000000001        2.9000000000000004       2806261.3397884704
0.8                       2.9000000000000004       2833183.3784401817
0.9000000000000001        2.9000000000000004       2857967.692446489
1                         2.9000000000000004       2885787.7552634287
1.1                       2.9000000000000004       2910508.93114413
1.2000000000000002        2.9000000000000004       2940390.9672688693
1.3000000000000003        2.9000000000000004       2962827.6917943014
1.4000000000000001        2.9000000000000004       2981450.487625774
1.5                       2.9000000000000004       2993830.6205921248
1.6                       2.9000000000000004       2982787.8190957303
1.7000000000000002        2.9000000000000004       2964694.851541289
1.8000000000000003        2.9000000000000004       2971753.138883109
1.9000000000000001        2.9000000000000004       3093298.2550225817
2                         2.9000000000000004       3827381.3396296073
0                         3                        2652675.7787107453
0.1                       3                        2651975.6131906398
0.2                       3                        2657434.5833621346
0.30000000000000004       3                        2665849.8198202653
0.4                       3                        2678363.495576672
0.5                       3                        2693292.9707966326
0.6000000000000001        3                        2711677.860055351
0.7000000000000001        3                        2732287.312781623
0.8                       3                        2754136.264867071
0.9000000000000001        3                        2778079.98085955
1                         3                        2801064.67883429
1.1                       3                        2821454.808943291
1.2000000000000002        3                        2837317.8219887423
1.3000000000000003        3                        2846189.696787757
1.4000000000000001        3                        2835181.1164877284
1.5                       3                        2805255.589390901
1.6                       3                        2745592.22075378
1.7000000000000002        3                        2626763.503670379
1.8000000000000003        3                        2383558.3238555687
1.9000000000000001        3                        2037200.882558369
2                         3                        2.9802322387695312E-8
